0	1
1	0
0	2
2	0
1	2
2	1
3	4
4	3
3	5
5	3
4	5
5	4
6	7
7	6
6	8
8	6
7	8
8	7
9	10
10	9
9	11
11	9
10	11
11	10
12	13
13	12
12	14
14	12
13	14
14	13
15	16
16	15
15	17
17	15
16	17
17	16
18	19
19	18
18	20
20	18
19	20
20	19
21	22
22	21
21	23
23	21
22	23
23	22
24	25
25	24
24	26
26	24
24	27
27	24
25	26
26	25
25	27
27	25
26	27
27	26
28	29
29	28
28	30
30	28
29	30
30	29
31	32
32	31
31	33
33	31
32	33
33	32
34	35
35	34
34	36
36	34
35	36
36	35
37	38
38	37
37	39
39	37
38	39
39	38
40	41
41	40
40	42
42	40
41	42
42	41
43	44
44	43
43	45
45	43
44	45
45	44
46	47
47	46
46	48
48	46
47	48
48	47
49	50
50	49
49	51
51	49
50	51
51	50
52	53
53	52
52	54
54	52
53	54
54	53
55	56
56	55
55	57
57	55
56	57
57	56
58	59
59	58
58	60
60	58
59	60
60	59
61	62
62	61
61	63
63	61
62	63
63	62
64	65
65	64
66	67
67	66
68	69
69	68
70	71
71	70
70	72
72	70
70	73
73	70
71	72
72	71
71	73
73	71
72	73
73	72
74	75
75	74
74	76
76	74
74	77
77	74
75	76
76	75
75	77
77	75
76	77
77	76
78	79
79	78
78	80
80	78
78	81
81	78
79	80
80	79
79	81
81	79
80	81
81	80
82	83
83	82
82	84
84	82
82	85
85	82
83	84
84	83
83	85
85	83
84	85
85	84
86	87
87	86
86	88
88	86
86	89
89	86
87	88
88	87
87	89
89	87
88	89
89	88
90	91
91	90
90	92
92	90
90	93
93	90
91	92
92	91
91	93
93	91
92	93
93	92
94	95
95	94
94	96
96	94
94	97
97	94
95	96
96	95
95	97
97	95
96	97
97	96
98	99
99	98
98	100
100	98
98	101
101	98
99	100
100	99
99	101
101	99
100	101
101	100
102	103
103	102
102	104
104	102
102	105
105	102
103	104
104	103
103	105
105	103
104	105
105	104
106	107
107	106
106	108
108	106
106	109
109	106
107	108
108	107
107	109
109	107
108	109
109	108
110	111
111	110
110	112
112	110
110	113
113	110
111	112
112	111
111	113
113	111
112	113
113	112
114	115
115	114
114	116
116	114
114	117
117	114
115	116
116	115
115	117
117	115
116	117
117	116
118	119
119	118
118	120
120	118
118	121
121	118
119	120
120	119
119	121
121	119
120	121
121	120
122	123
123	122
122	124
124	122
122	125
125	122
123	124
124	123
123	125
125	123
124	125
125	124
126	127
127	126
128	129
129	128
130	131
131	130
132	133
133	132
134	135
135	134
136	137
137	136
138	139
139	138
140	141
141	140
142	143
143	142
144	145
145	144
146	147
147	146
148	149
149	148
150	151
151	150
152	153
153	152
154	155
155	154
156	157
157	156
158	159
159	158
160	161
161	160
162	163
163	162
164	165
165	164
166	167
167	166
168	169
169	168
170	171
171	170
172	173
173	172
174	175
175	174
176	177
177	176
178	179
179	178
180	181
181	180
182	183
183	182
184	185
185	184
186	187
187	186
188	189
189	188
190	191
191	190
192	193
193	192
194	195
195	194
196	197
197	196
198	199
199	198
200	201
201	200
202	203
203	202
204	205
205	204
206	207
207	206
208	209
209	208
210	211
211	210
212	213
213	212
214	215
215	214
216	217
217	216
218	219
219	218
220	221
221	220
222	223
223	222
224	225
225	224
226	227
227	226
228	229
229	228
230	231
231	230
232	233
233	232
234	235
235	234
236	237
237	236
238	239
239	238
240	241
241	240
242	243
243	242
244	245
245	244
246	247
247	246
248	249
249	248
250	251
251	250
252	253
253	252
254	255
255	254
256	257
257	256
258	259
259	258
260	261
261	260
262	263
263	262
264	265
265	264
266	267
267	266
268	269
269	268
270	271
271	270
272	273
273	272
274	275
275	274
276	277
277	276
278	279
279	278
280	281
281	280
280	282
282	280
281	282
282	281
283	284
284	283
283	285
285	283
284	285
285	284
286	287
287	286
286	288
288	286
287	288
288	287
289	290
290	289
289	291
291	289
290	291
291	290
292	293
293	292
292	294
294	292
293	294
294	293
295	296
296	295
295	297
297	295
296	297
297	296
298	299
299	298
298	300
300	298
299	300
300	299
301	302
302	301
301	303
303	301
302	303
303	302
304	305
305	304
304	306
306	304
305	306
306	305
307	308
308	307
307	309
309	307
308	309
309	308
310	311
311	310
310	312
312	310
311	312
312	311
313	314
314	313
313	315
315	313
313	316
316	313
314	315
315	314
314	316
316	314
315	316
316	315
317	318
318	317
317	319
319	317
317	320
320	317
318	319
319	318
318	320
320	318
319	320
320	319
321	322
322	321
321	323
323	321
321	324
324	321
322	323
323	322
322	324
324	322
323	324
324	323
325	326
326	325
325	327
327	325
326	327
327	326
328	329
329	328
328	330
330	328
329	330
330	329
331	332
332	331
331	333
333	331
332	333
333	332
334	335
335	334
334	336
336	334
335	336
336	335
337	338
338	337
337	339
339	337
338	339
339	338
340	341
341	340
340	342
342	340
341	342
342	341
343	344
344	343
343	345
345	343
344	345
345	344
346	347
347	346
346	348
348	346
347	348
348	347
349	350
350	349
349	351
351	349
350	351
351	350
352	353
353	352
352	354
354	352
353	354
354	353
355	356
356	355
355	357
357	355
356	357
357	356
358	359
359	358
358	360
360	358
359	360
360	359
361	362
362	361
361	363
363	361
362	363
363	362
364	365
365	364
364	366
366	364
365	366
366	365
367	368
368	367
367	369
369	367
368	369
369	368
370	371
371	370
370	372
372	370
371	372
372	371
373	374
374	373
373	375
375	373
374	375
375	374
376	377
377	376
376	378
378	376
377	378
378	377
379	380
380	379
379	381
381	379
380	381
381	380
382	383
383	382
382	384
384	382
383	384
384	383
385	386
386	385
385	387
387	385
386	387
387	386
388	389
389	388
388	390
390	388
389	390
390	389
391	392
392	391
391	393
393	391
392	393
393	392
394	395
395	394
394	396
396	394
395	396
396	395
397	398
398	397
397	399
399	397
398	399
399	398
400	401
401	400
400	402
402	400
401	402
402	401
403	404
404	403
403	405
405	403
404	405
405	404
406	407
407	406
406	408
408	406
407	408
408	407
409	410
410	409
409	411
411	409
410	411
411	410
412	413
413	412
412	414
414	412
413	414
414	413
415	416
416	415
415	417
417	415
416	417
417	416
418	419
419	418
418	420
420	418
419	420
420	419
421	422
422	421
421	423
423	421
422	423
423	422
424	425
425	424
424	426
426	424
425	426
426	425
427	428
428	427
427	429
429	427
428	429
429	428
430	431
431	430
430	432
432	430
431	432
432	431
433	434
434	433
433	435
435	433
434	435
435	434
436	437
437	436
436	438
438	436
437	438
438	437
439	440
440	439
439	441
441	439
440	441
441	440
442	443
443	442
442	444
444	442
443	444
444	443
445	446
446	445
445	447
447	445
446	447
447	446
448	449
449	448
448	450
450	448
449	450
450	449
451	452
452	451
451	453
453	451
452	453
453	452
454	455
455	454
454	456
456	454
455	456
456	455
457	458
458	457
457	459
459	457
458	459
459	458
460	461
461	460
460	462
462	460
461	462
462	461
463	464
464	463
463	465
465	463
464	465
465	464
466	467
467	466
466	468
468	466
467	468
468	467
469	470
470	469
471	472
472	471
473	474
474	473
475	476
476	475
477	478
478	477
479	480
480	479
481	482
482	481
483	484
484	483
485	486
486	485
487	488
488	487
489	490
490	489
491	492
492	491
493	494
494	493
495	496
496	495
497	498
498	497
499	500
500	499
501	502
502	501
503	504
504	503
505	506
506	505
507	508
508	507
509	510
510	509
511	512
512	511
513	514
514	513
513	515
515	513
514	515
515	514
516	517
517	516
516	518
518	516
517	518
518	517
519	520
520	519
519	521
521	519
520	521
521	520
522	523
523	522
522	524
524	522
523	524
524	523
525	526
526	525
525	527
527	525
526	527
527	526
528	529
529	528
528	530
530	528
529	530
530	529
531	532
532	531
531	533
533	531
532	533
533	532
534	535
535	534
534	536
536	534
535	536
536	535
537	538
538	537
537	539
539	537
538	539
539	538
540	541
541	540
540	542
542	540
541	542
542	541
543	544
544	543
543	545
545	543
544	545
545	544
546	547
547	546
546	548
548	546
547	548
548	547
549	550
550	549
549	551
551	549
550	551
551	550
552	553
553	552
552	554
554	552
553	554
554	553
555	556
556	555
555	557
557	555
556	557
557	556
558	559
559	558
558	560
560	558
559	560
560	559
571	572
572	571
573	574
574	573
575	576
576	575
577	578
578	577
579	580
580	579
581	582
582	581
581	583
583	581
582	583
583	582
584	585
585	584
584	586
586	584
585	586
586	585
587	588
588	587
587	589
589	587
588	589
589	588
590	591
591	590
590	592
592	590
591	592
592	591
593	594
594	593
593	595
595	593
593	596
596	593
594	595
595	594
594	596
596	594
595	596
596	595
597	598
598	597
597	599
599	597
597	600
600	597
598	599
599	598
598	600
600	598
599	600
600	599
601	602
602	601
601	603
603	601
601	604
604	601
602	603
603	602
602	604
604	602
603	604
604	603
605	606
606	605
605	607
607	605
605	608
608	605
606	607
607	606
606	608
608	606
607	608
608	607
609	610
610	609
609	611
611	609
609	612
612	609
610	611
611	610
610	612
612	610
611	612
612	611
613	614
614	613
613	615
615	613
613	616
616	613
614	615
615	614
614	616
616	614
615	616
616	615
617	618
618	617
617	619
619	617
617	620
620	617
618	619
619	618
618	620
620	618
619	620
620	619
621	622
622	621
621	623
623	621
621	624
624	621
622	623
623	622
622	624
624	622
623	624
624	623
625	626
626	625
625	627
627	625
625	628
628	625
626	627
627	626
626	628
628	626
627	628
628	627
629	630
630	629
629	631
631	629
629	632
632	629
630	631
631	630
630	632
632	630
631	632
632	631
633	634
634	633
633	635
635	633
633	636
636	633
634	635
635	634
634	636
636	634
635	636
636	635
637	638
638	637
637	639
639	637
637	640
640	637
638	639
639	638
638	640
640	638
639	640
640	639
641	642
642	641
641	643
643	641
641	644
644	641
642	643
643	642
642	644
644	642
643	644
644	643
645	646
646	645
645	647
647	645
645	648
648	645
646	647
647	646
646	648
648	646
647	648
648	647
649	650
650	649
649	651
651	649
649	652
652	649
650	651
651	650
650	652
652	650
651	652
652	651
653	654
654	653
653	655
655	653
653	656
656	653
654	655
655	654
654	656
656	654
655	656
656	655
657	658
658	657
657	659
659	657
657	660
660	657
658	659
659	658
658	660
660	658
659	660
660	659
661	662
662	661
661	663
663	661
661	664
664	661
662	663
663	662
662	664
664	662
663	664
664	663
665	666
666	665
665	667
667	665
665	668
668	665
666	667
667	666
666	668
668	666
667	668
668	667
669	670
670	669
669	671
671	669
669	672
672	669
670	671
671	670
670	672
672	670
671	672
672	671
673	674
674	673
673	675
675	673
673	676
676	673
674	675
675	674
674	676
676	674
675	676
676	675
677	678
678	677
677	679
679	677
678	679
679	678
680	681
681	680
682	683
683	682
684	685
685	684
686	687
687	686
688	689
689	688
690	691
691	690
692	693
693	692
694	695
695	694
696	697
697	696
698	699
699	698
700	701
701	700
702	703
703	702
704	705
705	704
706	707
707	706
708	709
709	708
710	711
711	710
712	713
713	712
714	715
715	714
716	717
717	716
718	719
719	718
720	721
721	720
722	723
723	722
724	725
725	724
726	727
727	726
728	729
729	728
730	731
731	730
732	733
733	732
734	735
735	734
736	737
737	736
738	739
739	738
740	741
741	740
744	745
745	744
746	747
747	746
748	749
749	748
750	751
751	750
752	753
753	752
754	755
755	754
754	756
756	754
754	757
757	754
755	756
756	755
755	757
757	755
756	757
757	756
758	759
759	758
758	760
760	758
758	761
761	758
759	760
760	759
759	761
761	759
760	761
761	760
762	763
763	762
762	764
764	762
762	765
765	762
763	764
764	763
763	765
765	763
764	765
765	764
825	826
826	825
827	828
828	827
829	830
830	829
831	832
832	831
833	834
834	833
835	836
836	835
837	838
838	837
839	840
840	839
842	843
843	842
842	844
844	842
842	845
845	842
843	844
844	843
843	845
845	843
844	845
845	844
851	852
852	851
853	854
854	853
855	856
856	855
857	858
858	857
859	860
860	859
861	862
862	861
863	864
864	863
863	865
865	863
863	866
866	863
864	865
865	864
864	866
866	864
865	866
866	865
867	868
868	867
867	869
869	867
867	870
870	867
868	869
869	868
868	870
870	868
869	870
870	869
871	872
872	871
871	873
873	871
871	874
874	871
872	873
873	872
872	874
874	872
873	874
874	873
875	876
876	875
875	877
877	875
875	878
878	875
876	877
877	876
876	878
878	876
877	878
878	877
879	880
880	879
879	881
881	879
879	882
882	879
880	881
881	880
880	882
882	880
881	882
882	881
883	884
884	883
883	885
885	883
883	886
886	883
883	887
887	883
883	888
888	883
884	885
885	884
884	886
886	884
884	887
887	884
884	888
888	884
885	886
886	885
885	887
887	885
885	888
888	885
886	887
887	886
886	888
888	886
887	888
888	887
889	890
890	889
889	891
891	889
889	892
892	889
889	893
893	889
889	894
894	889
890	891
891	890
890	892
892	890
890	893
893	890
890	894
894	890
891	892
892	891
891	893
893	891
891	894
894	891
892	893
893	892
892	894
894	892
893	894
894	893
895	896
896	895
895	897
897	895
895	898
898	895
895	899
899	895
895	900
900	895
896	897
897	896
896	898
898	896
896	899
899	896
896	900
900	896
897	898
898	897
897	899
899	897
897	900
900	897
898	899
899	898
898	900
900	898
899	900
900	899
901	902
902	901
901	903
903	901
901	904
904	901
901	905
905	901
901	906
906	901
902	903
903	902
902	904
904	902
902	905
905	902
902	906
906	902
903	904
904	903
903	905
905	903
903	906
906	903
904	905
905	904
904	906
906	904
905	906
906	905
907	908
908	907
907	909
909	907
907	910
910	907
907	911
911	907
907	912
912	907
908	909
909	908
908	910
910	908
908	911
911	908
908	912
912	908
909	910
910	909
909	911
911	909
909	912
912	909
910	911
911	910
910	912
912	910
911	912
912	911
913	914
914	913
913	915
915	913
913	916
916	913
913	917
917	913
913	918
918	913
914	915
915	914
914	916
916	914
914	917
917	914
914	918
918	914
915	916
916	915
915	917
917	915
915	918
918	915
916	917
917	916
916	918
918	916
917	918
918	917
919	920
920	919
919	921
921	919
919	922
922	919
920	921
921	920
920	922
922	920
921	922
922	921
923	924
924	923
923	925
925	923
923	926
926	923
923	927
927	923
923	928
928	923
924	925
925	924
924	926
926	924
924	927
927	924
924	928
928	924
925	926
926	925
925	927
927	925
925	928
928	925
926	927
927	926
926	928
928	926
927	928
928	927
929	930
930	929
929	931
931	929
929	932
932	929
929	933
933	929
929	934
934	929
930	931
931	930
930	932
932	930
930	933
933	930
930	934
934	930
931	932
932	931
931	933
933	931
931	934
934	931
932	933
933	932
932	934
934	932
933	934
934	933
935	936
936	935
935	937
937	935
935	938
938	935
935	939
939	935
935	940
940	935
936	937
937	936
936	938
938	936
936	939
939	936
936	940
940	936
937	938
938	937
937	939
939	937
937	940
940	937
938	939
939	938
938	940
940	938
939	940
940	939
941	942
942	941
941	943
943	941
941	944
944	941
941	945
945	941
941	946
946	941
942	943
943	942
942	944
944	942
942	945
945	942
942	946
946	942
943	944
944	943
943	945
945	943
943	946
946	943
944	945
945	944
944	946
946	944
945	946
946	945
947	948
948	947
947	949
949	947
947	950
950	947
947	951
951	947
947	952
952	947
948	949
949	948
948	950
950	948
948	951
951	948
948	952
952	948
949	950
950	949
949	951
951	949
949	952
952	949
950	951
951	950
950	952
952	950
951	952
952	951
953	954
954	953
953	955
955	953
953	956
956	953
953	957
957	953
953	958
958	953
954	955
955	954
954	956
956	954
954	957
957	954
954	958
958	954
955	956
956	955
955	957
957	955
955	958
958	955
956	957
957	956
956	958
958	956
957	958
958	957
959	960
960	959
959	961
961	959
959	962
962	959
959	963
963	959
959	964
964	959
960	961
961	960
960	962
962	960
960	963
963	960
960	964
964	960
961	962
962	961
961	963
963	961
961	964
964	961
962	963
963	962
962	964
964	962
963	964
964	963
965	966
966	965
965	967
967	965
965	968
968	965
965	969
969	965
965	970
970	965
966	967
967	966
966	968
968	966
966	969
969	966
966	970
970	966
967	968
968	967
967	969
969	967
967	970
970	967
968	969
969	968
968	970
970	968
969	970
970	969
971	972
972	971
971	973
973	971
971	974
974	971
971	975
975	971
971	976
976	971
972	973
973	972
972	974
974	972
972	975
975	972
972	976
976	972
973	974
974	973
973	975
975	973
973	976
976	973
974	975
975	974
974	976
976	974
975	976
976	975
977	978
978	977
977	979
979	977
977	980
980	977
977	981
981	977
977	982
982	977
978	979
979	978
978	980
980	978
978	981
981	978
978	982
982	978
979	980
980	979
979	981
981	979
979	982
982	979
980	981
981	980
980	982
982	980
981	982
982	981
983	984
984	983
983	985
985	983
983	986
986	983
983	987
987	983
983	988
988	983
984	985
985	984
984	986
986	984
984	987
987	984
984	988
988	984
985	986
986	985
985	987
987	985
985	988
988	985
986	987
987	986
986	988
988	986
987	988
988	987
989	990
990	989
989	991
991	989
989	992
992	989
989	993
993	989
989	994
994	989
990	991
991	990
990	992
992	990
990	993
993	990
990	994
994	990
991	992
992	991
991	993
993	991
991	994
994	991
992	993
993	992
992	994
994	992
993	994
994	993
995	996
996	995
995	997
997	995
995	998
998	995
995	999
999	995
995	1000
1000	995
996	997
997	996
996	998
998	996
996	999
999	996
996	1000
1000	996
997	998
998	997
997	999
999	997
997	1000
1000	997
998	999
999	998
998	1000
1000	998
999	1000
1000	999
1001	1002
1002	1001
1001	1003
1003	1001
1001	1004
1004	1001
1001	1005
1005	1001
1001	1006
1006	1001
1002	1003
1003	1002
1002	1004
1004	1002
1002	1005
1005	1002
1002	1006
1006	1002
1003	1004
1004	1003
1003	1005
1005	1003
1003	1006
1006	1003
1004	1005
1005	1004
1004	1006
1006	1004
1005	1006
1006	1005
1007	1008
1008	1007
1007	1009
1009	1007
1007	1010
1010	1007
1007	1011
1011	1007
1007	1012
1012	1007
1008	1009
1009	1008
1008	1010
1010	1008
1008	1011
1011	1008
1008	1012
1012	1008
1009	1010
1010	1009
1009	1011
1011	1009
1009	1012
1012	1009
1010	1011
1011	1010
1010	1012
1012	1010
1011	1012
1012	1011
1013	1014
1014	1013
1013	1015
1015	1013
1013	1016
1016	1013
1013	1017
1017	1013
1013	1018
1018	1013
1014	1015
1015	1014
1014	1016
1016	1014
1014	1017
1017	1014
1014	1018
1018	1014
1015	1016
1016	1015
1015	1017
1017	1015
1015	1018
1018	1015
1016	1017
1017	1016
1016	1018
1018	1016
1017	1018
1018	1017
1019	1020
1020	1019
1019	1021
1021	1019
1019	1022
1022	1019
1019	1023
1023	1019
1019	1024
1024	1019
1020	1021
1021	1020
1020	1022
1022	1020
1020	1023
1023	1020
1020	1024
1024	1020
1021	1022
1022	1021
1021	1023
1023	1021
1021	1024
1024	1021
1022	1023
1023	1022
1022	1024
1024	1022
1023	1024
1024	1023
1025	1026
1026	1025
1025	1027
1027	1025
1025	1028
1028	1025
1025	1029
1029	1025
1025	1030
1030	1025
1026	1027
1027	1026
1026	1028
1028	1026
1026	1029
1029	1026
1026	1030
1030	1026
1027	1028
1028	1027
1027	1029
1029	1027
1027	1030
1030	1027
1028	1029
1029	1028
1028	1030
1030	1028
1029	1030
1030	1029
1031	1032
1032	1031
1031	1033
1033	1031
1031	1034
1034	1031
1031	1035
1035	1031
1031	1036
1036	1031
1032	1033
1033	1032
1032	1034
1034	1032
1032	1035
1035	1032
1032	1036
1036	1032
1033	1034
1034	1033
1033	1035
1035	1033
1033	1036
1036	1033
1034	1035
1035	1034
1034	1036
1036	1034
1035	1036
1036	1035
1037	1038
1038	1037
1037	1039
1039	1037
1037	1040
1040	1037
1037	1041
1041	1037
1037	1042
1042	1037
1038	1039
1039	1038
1038	1040
1040	1038
1038	1041
1041	1038
1038	1042
1042	1038
1039	1040
1040	1039
1039	1041
1041	1039
1039	1042
1042	1039
1040	1041
1041	1040
1040	1042
1042	1040
1041	1042
1042	1041
1043	1044
1044	1043
1043	1045
1045	1043
1043	1046
1046	1043
1043	1047
1047	1043
1043	1048
1048	1043
1044	1045
1045	1044
1044	1046
1046	1044
1044	1047
1047	1044
1044	1048
1048	1044
1045	1046
1046	1045
1045	1047
1047	1045
1045	1048
1048	1045
1046	1047
1047	1046
1046	1048
1048	1046
1047	1048
1048	1047
1049	1050
1050	1049
1049	1051
1051	1049
1049	1052
1052	1049
1049	1053
1053	1049
1049	1054
1054	1049
1050	1051
1051	1050
1050	1052
1052	1050
1050	1053
1053	1050
1050	1054
1054	1050
1051	1052
1052	1051
1051	1053
1053	1051
1051	1054
1054	1051
1052	1053
1053	1052
1052	1054
1054	1052
1053	1054
1054	1053
1055	1056
1056	1055
1055	1057
1057	1055
1055	1058
1058	1055
1055	1059
1059	1055
1055	1060
1060	1055
1056	1057
1057	1056
1056	1058
1058	1056
1056	1059
1059	1056
1056	1060
1060	1056
1057	1058
1058	1057
1057	1059
1059	1057
1057	1060
1060	1057
1058	1059
1059	1058
1058	1060
1060	1058
1059	1060
1060	1059
1061	1062
1062	1061
1061	1063
1063	1061
1061	1064
1064	1061
1061	1065
1065	1061
1061	1066
1066	1061
1062	1063
1063	1062
1062	1064
1064	1062
1062	1065
1065	1062
1062	1066
1066	1062
1063	1064
1064	1063
1063	1065
1065	1063
1063	1066
1066	1063
1064	1065
1065	1064
1064	1066
1066	1064
1065	1066
1066	1065
1067	1068
1068	1067
1067	1069
1069	1067
1067	1070
1070	1067
1067	1071
1071	1067
1067	1072
1072	1067
1068	1069
1069	1068
1068	1070
1070	1068
1068	1071
1071	1068
1068	1072
1072	1068
1069	1070
1070	1069
1069	1071
1071	1069
1069	1072
1072	1069
1070	1071
1071	1070
1070	1072
1072	1070
1071	1072
1072	1071
1073	1074
1074	1073
1073	1075
1075	1073
1073	1076
1076	1073
1073	1077
1077	1073
1073	1078
1078	1073
1074	1075
1075	1074
1074	1076
1076	1074
1074	1077
1077	1074
1074	1078
1078	1074
1075	1076
1076	1075
1075	1077
1077	1075
1075	1078
1078	1075
1076	1077
1077	1076
1076	1078
1078	1076
1077	1078
1078	1077
1079	1080
1080	1079
1079	1081
1081	1079
1079	1082
1082	1079
1079	1083
1083	1079
1079	1084
1084	1079
1080	1081
1081	1080
1080	1082
1082	1080
1080	1083
1083	1080
1080	1084
1084	1080
1081	1082
1082	1081
1081	1083
1083	1081
1081	1084
1084	1081
1082	1083
1083	1082
1082	1084
1084	1082
1083	1084
1084	1083
1085	1086
1086	1085
1085	1087
1087	1085
1085	1088
1088	1085
1085	1089
1089	1085
1085	1090
1090	1085
1086	1087
1087	1086
1086	1088
1088	1086
1086	1089
1089	1086
1086	1090
1090	1086
1087	1088
1088	1087
1087	1089
1089	1087
1087	1090
1090	1087
1088	1089
1089	1088
1088	1090
1090	1088
1089	1090
1090	1089
1091	1092
1092	1091
1091	1093
1093	1091
1091	1094
1094	1091
1091	1095
1095	1091
1091	1096
1096	1091
1092	1093
1093	1092
1092	1094
1094	1092
1092	1095
1095	1092
1092	1096
1096	1092
1093	1094
1094	1093
1093	1095
1095	1093
1093	1096
1096	1093
1094	1095
1095	1094
1094	1096
1096	1094
1095	1096
1096	1095
1097	1098
1098	1097
1097	1099
1099	1097
1097	1100
1100	1097
1097	1101
1101	1097
1097	1102
1102	1097
1098	1099
1099	1098
1098	1100
1100	1098
1098	1101
1101	1098
1098	1102
1102	1098
1099	1100
1100	1099
1099	1101
1101	1099
1099	1102
1102	1099
1100	1101
1101	1100
1100	1102
1102	1100
1101	1102
1102	1101
1103	1104
1104	1103
1103	1105
1105	1103
1103	1106
1106	1103
1103	1107
1107	1103
1103	1108
1108	1103
1104	1105
1105	1104
1104	1106
1106	1104
1104	1107
1107	1104
1104	1108
1108	1104
1105	1106
1106	1105
1105	1107
1107	1105
1105	1108
1108	1105
1106	1107
1107	1106
1106	1108
1108	1106
1107	1108
1108	1107
1109	1110
1110	1109
1109	1111
1111	1109
1109	1112
1112	1109
1109	1113
1113	1109
1109	1114
1114	1109
1110	1111
1111	1110
1110	1112
1112	1110
1110	1113
1113	1110
1110	1114
1114	1110
1111	1112
1112	1111
1111	1113
1113	1111
1111	1114
1114	1111
1112	1113
1113	1112
1112	1114
1114	1112
1113	1114
1114	1113
1115	1116
1116	1115
1115	1117
1117	1115
1115	1118
1118	1115
1115	1119
1119	1115
1115	1120
1120	1115
1116	1117
1117	1116
1116	1118
1118	1116
1116	1119
1119	1116
1116	1120
1120	1116
1117	1118
1118	1117
1117	1119
1119	1117
1117	1120
1120	1117
1118	1119
1119	1118
1118	1120
1120	1118
1119	1120
1120	1119
1121	1122
1122	1121
1121	1123
1123	1121
1121	1124
1124	1121
1121	1125
1125	1121
1121	1126
1126	1121
1122	1123
1123	1122
1122	1124
1124	1122
1122	1125
1125	1122
1122	1126
1126	1122
1123	1124
1124	1123
1123	1125
1125	1123
1123	1126
1126	1123
1124	1125
1125	1124
1124	1126
1126	1124
1125	1126
1126	1125
1127	1128
1128	1127
1127	1129
1129	1127
1127	1130
1130	1127
1127	1131
1131	1127
1127	1132
1132	1127
1128	1129
1129	1128
1128	1130
1130	1128
1128	1131
1131	1128
1128	1132
1132	1128
1129	1130
1130	1129
1129	1131
1131	1129
1129	1132
1132	1129
1130	1131
1131	1130
1130	1132
1132	1130
1131	1132
1132	1131
1133	1134
1134	1133
1133	1135
1135	1133
1133	1136
1136	1133
1133	1137
1137	1133
1133	1138
1138	1133
1134	1135
1135	1134
1134	1136
1136	1134
1134	1137
1137	1134
1134	1138
1138	1134
1135	1136
1136	1135
1135	1137
1137	1135
1135	1138
1138	1135
1136	1137
1137	1136
1136	1138
1138	1136
1137	1138
1138	1137
1139	1140
1140	1139
1139	1141
1141	1139
1139	1142
1142	1139
1139	1143
1143	1139
1139	1144
1144	1139
1140	1141
1141	1140
1140	1142
1142	1140
1140	1143
1143	1140
1140	1144
1144	1140
1141	1142
1142	1141
1141	1143
1143	1141
1141	1144
1144	1141
1142	1143
1143	1142
1142	1144
1144	1142
1143	1144
1144	1143
1145	1146
1146	1145
1145	1147
1147	1145
1145	1148
1148	1145
1145	1149
1149	1145
1145	1150
1150	1145
1146	1147
1147	1146
1146	1148
1148	1146
1146	1149
1149	1146
1146	1150
1150	1146
1147	1148
1148	1147
1147	1149
1149	1147
1147	1150
1150	1147
1148	1149
1149	1148
1148	1150
1150	1148
1149	1150
1150	1149
1151	1152
1152	1151
1151	1153
1153	1151
1151	1154
1154	1151
1151	1155
1155	1151
1151	1156
1156	1151
1152	1153
1153	1152
1152	1154
1154	1152
1152	1155
1155	1152
1152	1156
1156	1152
1153	1154
1154	1153
1153	1155
1155	1153
1153	1156
1156	1153
1154	1155
1155	1154
1154	1156
1156	1154
1155	1156
1156	1155
1157	1158
1158	1157
1157	1159
1159	1157
1157	1160
1160	1157
1157	1161
1161	1157
1157	1162
1162	1157
1158	1159
1159	1158
1158	1160
1160	1158
1158	1161
1161	1158
1158	1162
1162	1158
1159	1160
1160	1159
1159	1161
1161	1159
1159	1162
1162	1159
1160	1161
1161	1160
1160	1162
1162	1160
1161	1162
1162	1161
1163	1164
1164	1163
1163	1165
1165	1163
1163	1166
1166	1163
1163	1167
1167	1163
1163	1168
1168	1163
1164	1165
1165	1164
1164	1166
1166	1164
1164	1167
1167	1164
1164	1168
1168	1164
1165	1166
1166	1165
1165	1167
1167	1165
1165	1168
1168	1165
1166	1167
1167	1166
1166	1168
1168	1166
1167	1168
1168	1167
1169	1170
1170	1169
1169	1171
1171	1169
1169	1172
1172	1169
1169	1173
1173	1169
1169	1174
1174	1169
1170	1171
1171	1170
1170	1172
1172	1170
1170	1173
1173	1170
1170	1174
1174	1170
1171	1172
1172	1171
1171	1173
1173	1171
1171	1174
1174	1171
1172	1173
1173	1172
1172	1174
1174	1172
1173	1174
1174	1173
1175	1176
1176	1175
1175	1177
1177	1175
1175	1178
1178	1175
1175	1179
1179	1175
1175	1180
1180	1175
1176	1177
1177	1176
1176	1178
1178	1176
1176	1179
1179	1176
1176	1180
1180	1176
1177	1178
1178	1177
1177	1179
1179	1177
1177	1180
1180	1177
1178	1179
1179	1178
1178	1180
1180	1178
1179	1180
1180	1179
1181	1182
1182	1181
1181	1183
1183	1181
1182	1183
1183	1182
1184	1185
1185	1184
1184	1186
1186	1184
1185	1186
1186	1185
1187	1188
1188	1187
1187	1189
1189	1187
1188	1189
1189	1188
1190	1191
1191	1190
1190	1192
1192	1190
1191	1192
1192	1191
1193	1194
1194	1193
1193	1195
1195	1193
1194	1195
1195	1194
1196	1197
1197	1196
1196	1198
1198	1196
1197	1198
1198	1197
1199	1200
1200	1199
1199	1201
1201	1199
1200	1201
1201	1200
1202	1203
1203	1202
1202	1204
1204	1202
1203	1204
1204	1203
1205	1206
1206	1205
1205	1207
1207	1205
1206	1207
1207	1206
1208	1209
1209	1208
1208	1210
1210	1208
1209	1210
1210	1209
1211	1212
1212	1211
1211	1213
1213	1211
1212	1213
1213	1212
1214	1215
1215	1214
1214	1216
1216	1214
1215	1216
1216	1215
1217	1218
1218	1217
1217	1219
1219	1217
1218	1219
1219	1218
1220	1221
1221	1220
1220	1222
1222	1220
1221	1222
1222	1221
1223	1224
1224	1223
1223	1225
1225	1223
1224	1225
1225	1224
1226	1227
1227	1226
1226	1228
1228	1226
1227	1228
1228	1227
1229	1230
1230	1229
1229	1231
1231	1229
1230	1231
1231	1230
1232	1233
1233	1232
1232	1234
1234	1232
1233	1234
1234	1233
1235	1236
1236	1235
1235	1237
1237	1235
1236	1237
1237	1236
1238	1239
1239	1238
1238	1240
1240	1238
1239	1240
1240	1239
1241	1242
1242	1241
1241	1243
1243	1241
1242	1243
1243	1242
1244	1245
1245	1244
1244	1246
1246	1244
1245	1246
1246	1245
1266	1267
1267	1266
1266	1268
1268	1266
1266	1269
1269	1266
1266	1270
1270	1266
1266	1271
1271	1266
1267	1268
1268	1267
1267	1269
1269	1267
1267	1270
1270	1267
1267	1271
1271	1267
1268	1269
1269	1268
1268	1270
1270	1268
1268	1271
1271	1268
1269	1270
1270	1269
1269	1271
1271	1269
1270	1271
1271	1270
1272	1273
1273	1272
1272	1274
1274	1272
1272	1275
1275	1272
1272	1276
1276	1272
1272	1277
1277	1272
1273	1274
1274	1273
1273	1275
1275	1273
1273	1276
1276	1273
1273	1277
1277	1273
1274	1275
1275	1274
1274	1276
1276	1274
1274	1277
1277	1274
1275	1276
1276	1275
1275	1277
1277	1275
1276	1277
1277	1276
1278	1279
1279	1278
1278	1280
1280	1278
1278	1281
1281	1278
1278	1282
1282	1278
1278	1283
1283	1278
1279	1280
1280	1279
1279	1281
1281	1279
1279	1282
1282	1279
1279	1283
1283	1279
1280	1281
1281	1280
1280	1282
1282	1280
1280	1283
1283	1280
1281	1282
1282	1281
1281	1283
1283	1281
1282	1283
1283	1282
1284	1285
1285	1284
1284	1286
1286	1284
1284	1287
1287	1284
1284	1288
1288	1284
1284	1289
1289	1284
1285	1286
1286	1285
1285	1287
1287	1285
1285	1288
1288	1285
1285	1289
1289	1285
1286	1287
1287	1286
1286	1288
1288	1286
1286	1289
1289	1286
1287	1288
1288	1287
1287	1289
1289	1287
1288	1289
1289	1288
1290	1291
1291	1290
1290	1292
1292	1290
1290	1293
1293	1290
1290	1294
1294	1290
1290	1295
1295	1290
1291	1292
1292	1291
1291	1293
1293	1291
1291	1294
1294	1291
1291	1295
1295	1291
1292	1293
1293	1292
1292	1294
1294	1292
1292	1295
1295	1292
1293	1294
1294	1293
1293	1295
1295	1293
1294	1295
1295	1294
1296	1297
1297	1296
1296	1298
1298	1296
1296	1299
1299	1296
1296	1300
1300	1296
1296	1301
1301	1296
1297	1298
1298	1297
1297	1299
1299	1297
1297	1300
1300	1297
1297	1301
1301	1297
1298	1299
1299	1298
1298	1300
1300	1298
1298	1301
1301	1298
1299	1300
1300	1299
1299	1301
1301	1299
1300	1301
1301	1300
1302	1303
1303	1302
1302	1304
1304	1302
1302	1305
1305	1302
1302	1306
1306	1302
1302	1307
1307	1302
1303	1304
1304	1303
1303	1305
1305	1303
1303	1306
1306	1303
1303	1307
1307	1303
1304	1305
1305	1304
1304	1306
1306	1304
1304	1307
1307	1304
1305	1306
1306	1305
1305	1307
1307	1305
1306	1307
1307	1306
1308	1309
1309	1308
1308	1310
1310	1308
1308	1311
1311	1308
1308	1312
1312	1308
1308	1313
1313	1308
1309	1310
1310	1309
1309	1311
1311	1309
1309	1312
1312	1309
1309	1313
1313	1309
1310	1311
1311	1310
1310	1312
1312	1310
1310	1313
1313	1310
1311	1312
1312	1311
1311	1313
1313	1311
1312	1313
1313	1312
1314	1315
1315	1314
1314	1316
1316	1314
1314	1317
1317	1314
1314	1318
1318	1314
1314	1319
1319	1314
1315	1316
1316	1315
1315	1317
1317	1315
1315	1318
1318	1315
1315	1319
1319	1315
1316	1317
1317	1316
1316	1318
1318	1316
1316	1319
1319	1316
1317	1318
1318	1317
1317	1319
1319	1317
1318	1319
1319	1318
1320	1321
1321	1320
1320	1322
1322	1320
1320	1323
1323	1320
1320	1324
1324	1320
1320	1325
1325	1320
1321	1322
1322	1321
1321	1323
1323	1321
1321	1324
1324	1321
1321	1325
1325	1321
1322	1323
1323	1322
1322	1324
1324	1322
1322	1325
1325	1322
1323	1324
1324	1323
1323	1325
1325	1323
1324	1325
1325	1324
1326	1327
1327	1326
1326	1328
1328	1326
1326	1329
1329	1326
1326	1330
1330	1326
1326	1331
1331	1326
1327	1328
1328	1327
1327	1329
1329	1327
1327	1330
1330	1327
1327	1331
1331	1327
1328	1329
1329	1328
1328	1330
1330	1328
1328	1331
1331	1328
1329	1330
1330	1329
1329	1331
1331	1329
1330	1331
1331	1330
1332	1333
1333	1332
1332	1334
1334	1332
1332	1335
1335	1332
1332	1336
1336	1332
1332	1337
1337	1332
1333	1334
1334	1333
1333	1335
1335	1333
1333	1336
1336	1333
1333	1337
1337	1333
1334	1335
1335	1334
1334	1336
1336	1334
1334	1337
1337	1334
1335	1336
1336	1335
1335	1337
1337	1335
1336	1337
1337	1336
1338	1339
1339	1338
1338	1340
1340	1338
1338	1341
1341	1338
1338	1342
1342	1338
1338	1343
1343	1338
1339	1340
1340	1339
1339	1341
1341	1339
1339	1342
1342	1339
1339	1343
1343	1339
1340	1341
1341	1340
1340	1342
1342	1340
1340	1343
1343	1340
1341	1342
1342	1341
1341	1343
1343	1341
1342	1343
1343	1342
1344	1345
1345	1344
1344	1346
1346	1344
1344	1347
1347	1344
1344	1348
1348	1344
1344	1349
1349	1344
1345	1346
1346	1345
1345	1347
1347	1345
1345	1348
1348	1345
1345	1349
1349	1345
1346	1347
1347	1346
1346	1348
1348	1346
1346	1349
1349	1346
1347	1348
1348	1347
1347	1349
1349	1347
1348	1349
1349	1348
1350	1351
1351	1350
1350	1352
1352	1350
1350	1353
1353	1350
1350	1354
1354	1350
1350	1355
1355	1350
1351	1352
1352	1351
1351	1353
1353	1351
1351	1354
1354	1351
1351	1355
1355	1351
1352	1353
1353	1352
1352	1354
1354	1352
1352	1355
1355	1352
1353	1354
1354	1353
1353	1355
1355	1353
1354	1355
1355	1354
1356	1357
1357	1356
1356	1358
1358	1356
1356	1359
1359	1356
1356	1360
1360	1356
1356	1361
1361	1356
1357	1358
1358	1357
1357	1359
1359	1357
1357	1360
1360	1357
1357	1361
1361	1357
1358	1359
1359	1358
1358	1360
1360	1358
1358	1361
1361	1358
1359	1360
1360	1359
1359	1361
1361	1359
1360	1361
1361	1360
1362	1363
1363	1362
1362	1364
1364	1362
1362	1365
1365	1362
1362	1366
1366	1362
1362	1367
1367	1362
1363	1364
1364	1363
1363	1365
1365	1363
1363	1366
1366	1363
1363	1367
1367	1363
1364	1365
1365	1364
1364	1366
1366	1364
1364	1367
1367	1364
1365	1366
1366	1365
1365	1367
1367	1365
1366	1367
1367	1366
1368	1369
1369	1368
1368	1370
1370	1368
1368	1371
1371	1368
1368	1372
1372	1368
1368	1373
1373	1368
1369	1370
1370	1369
1369	1371
1371	1369
1369	1372
1372	1369
1369	1373
1373	1369
1370	1371
1371	1370
1370	1372
1372	1370
1370	1373
1373	1370
1371	1372
1372	1371
1371	1373
1373	1371
1372	1373
1373	1372
1374	1375
1375	1374
1374	1376
1376	1374
1374	1377
1377	1374
1374	1378
1378	1374
1374	1379
1379	1374
1375	1376
1376	1375
1375	1377
1377	1375
1375	1378
1378	1375
1375	1379
1379	1375
1376	1377
1377	1376
1376	1378
1378	1376
1376	1379
1379	1376
1377	1378
1378	1377
1377	1379
1379	1377
1378	1379
1379	1378
1380	1381
1381	1380
1380	1382
1382	1380
1380	1383
1383	1380
1380	1384
1384	1380
1380	1385
1385	1380
1381	1382
1382	1381
1381	1383
1383	1381
1381	1384
1384	1381
1381	1385
1385	1381
1382	1383
1383	1382
1382	1384
1384	1382
1382	1385
1385	1382
1383	1384
1384	1383
1383	1385
1385	1383
1384	1385
1385	1384
1386	1387
1387	1386
1386	1388
1388	1386
1386	1389
1389	1386
1386	1390
1390	1386
1386	1391
1391	1386
1387	1388
1388	1387
1387	1389
1389	1387
1387	1390
1390	1387
1387	1391
1391	1387
1388	1389
1389	1388
1388	1390
1390	1388
1388	1391
1391	1388
1389	1390
1390	1389
1389	1391
1391	1389
1390	1391
1391	1390
1392	1393
1393	1392
1392	1394
1394	1392
1392	1395
1395	1392
1392	1396
1396	1392
1392	1397
1397	1392
1393	1394
1394	1393
1393	1395
1395	1393
1393	1396
1396	1393
1393	1397
1397	1393
1394	1395
1395	1394
1394	1396
1396	1394
1394	1397
1397	1394
1395	1396
1396	1395
1395	1397
1397	1395
1396	1397
1397	1396
1402	1403
1403	1402
1402	1404
1404	1402
1402	1405
1405	1402
1403	1404
1404	1403
1403	1405
1405	1403
1404	1405
1405	1404
1423	1424
1424	1423
1425	1426
1426	1425
1425	1427
1427	1425
1425	1428
1428	1425
1425	1429
1429	1425
1425	1430
1430	1425
1426	1427
1427	1426
1426	1428
1428	1426
1426	1429
1429	1426
1426	1430
1430	1426
1427	1428
1428	1427
1427	1429
1429	1427
1427	1430
1430	1427
1428	1429
1429	1428
1428	1430
1430	1428
1429	1430
1430	1429
1431	1432
1432	1431
1431	1433
1433	1431
1431	1434
1434	1431
1431	1435
1435	1431
1431	1436
1436	1431
1432	1433
1433	1432
1432	1434
1434	1432
1432	1435
1435	1432
1432	1436
1436	1432
1433	1434
1434	1433
1433	1435
1435	1433
1433	1436
1436	1433
1434	1435
1435	1434
1434	1436
1436	1434
1435	1436
1436	1435
1437	1438
1438	1437
1437	1439
1439	1437
1437	1440
1440	1437
1437	1441
1441	1437
1437	1442
1442	1437
1438	1439
1439	1438
1438	1440
1440	1438
1438	1441
1441	1438
1438	1442
1442	1438
1439	1440
1440	1439
1439	1441
1441	1439
1439	1442
1442	1439
1440	1441
1441	1440
1440	1442
1442	1440
1441	1442
1442	1441
1443	1444
1444	1443
1443	1445
1445	1443
1443	1446
1446	1443
1443	1447
1447	1443
1443	1448
1448	1443
1444	1445
1445	1444
1444	1446
1446	1444
1444	1447
1447	1444
1444	1448
1448	1444
1445	1446
1446	1445
1445	1447
1447	1445
1445	1448
1448	1445
1446	1447
1447	1446
1446	1448
1448	1446
1447	1448
1448	1447
1449	1450
1450	1449
1449	1451
1451	1449
1449	1452
1452	1449
1449	1453
1453	1449
1449	1454
1454	1449
1450	1451
1451	1450
1450	1452
1452	1450
1450	1453
1453	1450
1450	1454
1454	1450
1451	1452
1452	1451
1451	1453
1453	1451
1451	1454
1454	1451
1452	1453
1453	1452
1452	1454
1454	1452
1453	1454
1454	1453
1455	1456
1456	1455
1457	1458
1458	1457
1457	1459
1459	1457
1457	1460
1460	1457
1457	1461
1461	1457
1457	1462
1462	1457
1458	1459
1459	1458
1458	1460
1460	1458
1458	1461
1461	1458
1458	1462
1462	1458
1459	1460
1460	1459
1459	1461
1461	1459
1459	1462
1462	1459
1460	1461
1461	1460
1460	1462
1462	1460
1461	1462
1462	1461
1467	1468
1468	1467
1469	1470
1470	1469
1471	1472
1472	1471
1471	1473
1473	1471
1472	1473
1473	1472
1474	1475
1475	1474
1474	1476
1476	1474
1475	1476
1476	1475
1477	1478
1478	1477
1477	1479
1479	1477
1478	1479
1479	1478
1480	1481
1481	1480
1480	1482
1482	1480
1481	1482
1482	1481
1483	1484
1484	1483
1483	1485
1485	1483
1484	1485
1485	1484
1486	1487
1487	1486
1486	1488
1488	1486
1487	1488
1488	1487
1489	1490
1490	1489
1489	1491
1491	1489
1490	1491
1491	1490
1492	1493
1493	1492
1492	1494
1494	1492
1493	1494
1494	1493
1495	1496
1496	1495
1495	1497
1497	1495
1496	1497
1497	1496
1498	1499
1499	1498
1498	1500
1500	1498
1499	1500
1500	1499
1501	1502
1502	1501
1501	1503
1503	1501
1501	1504
1504	1501
1502	1503
1503	1502
1502	1504
1504	1502
1503	1504
1504	1503
1505	1506
1506	1505
1505	1507
1507	1505
1505	1508
1508	1505
1506	1507
1507	1506
1506	1508
1508	1506
1507	1508
1508	1507
1509	1510
1510	1509
1509	1511
1511	1509
1510	1511
1511	1510
1512	1513
1513	1512
1512	1514
1514	1512
1513	1514
1514	1513
1515	1516
1516	1515
1515	1517
1517	1515
1516	1517
1517	1516
1518	1519
1519	1518
1518	1520
1520	1518
1519	1520
1520	1519
1521	1522
1522	1521
1521	1523
1523	1521
1522	1523
1523	1522
1524	1525
1525	1524
1524	1526
1526	1524
1524	1527
1527	1524
1525	1526
1526	1525
1525	1527
1527	1525
1526	1527
1527	1526
1528	1529
1529	1528
1528	1530
1530	1528
1528	1531
1531	1528
1529	1530
1530	1529
1529	1531
1531	1529
1530	1531
1531	1530
1532	1533
1533	1532
1532	1534
1534	1532
1532	1535
1535	1532
1533	1534
1534	1533
1533	1535
1535	1533
1534	1535
1535	1534
1536	1537
1537	1536
1536	1538
1538	1536
1536	1539
1539	1536
1537	1538
1538	1537
1537	1539
1539	1537
1538	1539
1539	1538
1540	1541
1541	1540
1540	1542
1542	1540
1540	1543
1543	1540
1541	1542
1542	1541
1541	1543
1543	1541
1542	1543
1543	1542
1544	1545
1545	1544
1544	1546
1546	1544
1544	1547
1547	1544
1545	1546
1546	1545
1545	1547
1547	1545
1546	1547
1547	1546
1548	1549
1549	1548
1548	1550
1550	1548
1548	1551
1551	1548
1549	1550
1550	1549
1549	1551
1551	1549
1550	1551
1551	1550
1552	1553
1553	1552
1552	1554
1554	1552
1552	1555
1555	1552
1553	1554
1554	1553
1553	1555
1555	1553
1554	1555
1555	1554
1556	1557
1557	1556
1556	1558
1558	1556
1556	1559
1559	1556
1557	1558
1558	1557
1557	1559
1559	1557
1558	1559
1559	1558
1560	1561
1561	1560
1560	1562
1562	1560
1560	1563
1563	1560
1561	1562
1562	1561
1561	1563
1563	1561
1562	1563
1563	1562
1564	1565
1565	1564
1564	1566
1566	1564
1564	1567
1567	1564
1565	1566
1566	1565
1565	1567
1567	1565
1566	1567
1567	1566
1568	1569
1569	1568
1568	1570
1570	1568
1568	1571
1571	1568
1569	1570
1570	1569
1569	1571
1571	1569
1570	1571
1571	1570
1572	1573
1573	1572
1572	1574
1574	1572
1572	1575
1575	1572
1573	1574
1574	1573
1573	1575
1575	1573
1574	1575
1575	1574
1576	1577
1577	1576
1576	1578
1578	1576
1576	1579
1579	1576
1577	1578
1578	1577
1577	1579
1579	1577
1578	1579
1579	1578
1580	1581
1581	1580
1580	1582
1582	1580
1580	1583
1583	1580
1581	1582
1582	1581
1581	1583
1583	1581
1582	1583
1583	1582
1584	1585
1585	1584
1584	1586
1586	1584
1584	1587
1587	1584
1585	1586
1586	1585
1585	1587
1587	1585
1586	1587
1587	1586
1588	1589
1589	1588
1588	1590
1590	1588
1588	1591
1591	1588
1589	1590
1590	1589
1589	1591
1591	1589
1590	1591
1591	1590
1592	1593
1593	1592
1592	1594
1594	1592
1592	1595
1595	1592
1593	1594
1594	1593
1593	1595
1595	1593
1594	1595
1595	1594
1596	1597
1597	1596
1596	1598
1598	1596
1596	1599
1599	1596
1597	1598
1598	1597
1597	1599
1599	1597
1598	1599
1599	1598
1600	1601
1601	1600
1600	1602
1602	1600
1601	1602
1602	1601
1603	1604
1604	1603
1603	1605
1605	1603
1604	1605
1605	1604
1606	1607
1607	1606
1606	1608
1608	1606
1607	1608
1608	1607
1609	1610
1610	1609
1609	1611
1611	1609
1610	1611
1611	1610
1612	1613
1613	1612
1612	1614
1614	1612
1613	1614
1614	1613
1615	1616
1616	1615
1615	1617
1617	1615
1616	1617
1617	1616
1618	1619
1619	1618
1618	1620
1620	1618
1619	1620
1620	1619
1621	1622
1622	1621
1621	1623
1623	1621
1622	1623
1623	1622
1624	1625
1625	1624
1624	1626
1626	1624
1625	1626
1626	1625
1627	1628
1628	1627
1627	1629
1629	1627
1628	1629
1629	1628
1630	1631
1631	1630
1630	1632
1632	1630
1631	1632
1632	1631
1633	1634
1634	1633
1633	1635
1635	1633
1634	1635
1635	1634
1636	1637
1637	1636
1636	1638
1638	1636
1637	1638
1638	1637
1639	1640
1640	1639
1639	1641
1641	1639
1640	1641
1641	1640
1642	1643
1643	1642
1642	1644
1644	1642
1643	1644
1644	1643
1645	1646
1646	1645
1645	1647
1647	1645
1646	1647
1647	1646
1648	1649
1649	1648
1648	1650
1650	1648
1648	1651
1651	1648
1649	1650
1650	1649
1649	1651
1651	1649
1650	1651
1651	1650
1652	1653
1653	1652
1652	1654
1654	1652
1652	1655
1655	1652
1653	1654
1654	1653
1653	1655
1655	1653
1654	1655
1655	1654
1656	1657
1657	1656
1656	1658
1658	1656
1656	1659
1659	1656
1657	1658
1658	1657
1657	1659
1659	1657
1658	1659
1659	1658
1660	1661
1661	1660
1662	1663
1663	1662
1664	1665
1665	1664
1666	1667
1667	1666
1668	1669
1669	1668
1670	1671
1671	1670
1672	1673
1673	1672
1672	1674
1674	1672
1672	1675
1675	1672
1673	1674
1674	1673
1673	1675
1675	1673
1674	1675
1675	1674
1676	1677
1677	1676
1676	1678
1678	1676
1676	1679
1679	1676
1677	1678
1678	1677
1677	1679
1679	1677
1678	1679
1679	1678
1680	1681
1681	1680
1680	1682
1682	1680
1680	1683
1683	1680
1681	1682
1682	1681
1681	1683
1683	1681
1682	1683
1683	1682
1684	1685
1685	1684
1684	1686
1686	1684
1684	1687
1687	1684
1685	1686
1686	1685
1685	1687
1687	1685
1686	1687
1687	1686
1688	1689
1689	1688
1688	1690
1690	1688
1688	1691
1691	1688
1689	1690
1690	1689
1689	1691
1691	1689
1690	1691
1691	1690
1692	1693
1693	1692
1694	1695
1695	1694
1696	1697
1697	1696
1696	1698
1698	1696
1697	1698
1698	1697
1699	1700
1700	1699
1699	1701
1701	1699
1699	1702
1702	1699
1700	1701
1701	1700
1700	1702
1702	1700
1701	1702
1702	1701
1703	1704
1704	1703
1703	1705
1705	1703
1703	1706
1706	1703
1704	1705
1705	1704
1704	1706
1706	1704
1705	1706
1706	1705
1707	1708
1708	1707
1707	1709
1709	1707
1707	1710
1710	1707
1708	1709
1709	1708
1708	1710
1710	1708
1709	1710
1710	1709
1711	1712
1712	1711
1711	1713
1713	1711
1711	1714
1714	1711
1712	1713
1713	1712
1712	1714
1714	1712
1713	1714
1714	1713
1715	1716
1716	1715
1715	1717
1717	1715
1715	1718
1718	1715
1716	1717
1717	1716
1716	1718
1718	1716
1717	1718
1718	1717
1719	1720
1720	1719
1719	1721
1721	1719
1719	1722
1722	1719
1720	1721
1721	1720
1720	1722
1722	1720
1721	1722
1722	1721
1723	1724
1724	1723
1723	1725
1725	1723
1723	1726
1726	1723
1724	1725
1725	1724
1724	1726
1726	1724
1725	1726
1726	1725
1727	1728
1728	1727
1727	1729
1729	1727
1727	1730
1730	1727
1728	1729
1729	1728
1728	1730
1730	1728
1729	1730
1730	1729
1731	1732
1732	1731
1731	1733
1733	1731
1731	1734
1734	1731
1732	1733
1733	1732
1732	1734
1734	1732
1733	1734
1734	1733
1735	1736
1736	1735
1735	1737
1737	1735
1735	1738
1738	1735
1736	1737
1737	1736
1736	1738
1738	1736
1737	1738
1738	1737
1739	1740
1740	1739
1739	1741
1741	1739
1739	1742
1742	1739
1740	1741
1741	1740
1740	1742
1742	1740
1741	1742
1742	1741
1743	1744
1744	1743
1743	1745
1745	1743
1743	1746
1746	1743
1744	1745
1745	1744
1744	1746
1746	1744
1745	1746
1746	1745
1747	1748
1748	1747
1747	1749
1749	1747
1747	1750
1750	1747
1748	1749
1749	1748
1748	1750
1750	1748
1749	1750
1750	1749
1751	1752
1752	1751
1751	1753
1753	1751
1751	1754
1754	1751
1752	1753
1753	1752
1752	1754
1754	1752
1753	1754
1754	1753
1755	1756
1756	1755
1755	1757
1757	1755
1755	1758
1758	1755
1756	1757
1757	1756
1756	1758
1758	1756
1757	1758
1758	1757
1759	1760
1760	1759
1759	1761
1761	1759
1759	1762
1762	1759
1760	1761
1761	1760
1760	1762
1762	1760
1761	1762
1762	1761
1763	1764
1764	1763
1763	1765
1765	1763
1763	1766
1766	1763
1763	1767
1767	1763
1764	1765
1765	1764
1764	1766
1766	1764
1764	1767
1767	1764
1765	1766
1766	1765
1765	1767
1767	1765
1766	1767
1767	1766
1768	1769
1769	1768
1768	1770
1770	1768
1768	1771
1771	1768
1769	1770
1770	1769
1769	1771
1771	1769
1770	1771
1771	1770
1772	1773
1773	1772
1772	1774
1774	1772
1772	1775
1775	1772
1773	1774
1774	1773
1773	1775
1775	1773
1774	1775
1775	1774
1776	1777
1777	1776
1776	1778
1778	1776
1776	1779
1779	1776
1777	1778
1778	1777
1777	1779
1779	1777
1778	1779
1779	1778
1780	1781
1781	1780
1780	1782
1782	1780
1780	1783
1783	1780
1781	1782
1782	1781
1781	1783
1783	1781
1782	1783
1783	1782
1784	1785
1785	1784
1784	1786
1786	1784
1784	1787
1787	1784
1785	1786
1786	1785
1785	1787
1787	1785
1786	1787
1787	1786
1788	1789
1789	1788
1788	1790
1790	1788
1788	1791
1791	1788
1789	1790
1790	1789
1789	1791
1791	1789
1790	1791
1791	1790
1792	1793
1793	1792
1792	1794
1794	1792
1792	1795
1795	1792
1793	1794
1794	1793
1793	1795
1795	1793
1794	1795
1795	1794
1796	1797
1797	1796
1796	1798
1798	1796
1796	1799
1799	1796
1797	1798
1798	1797
1797	1799
1799	1797
1798	1799
1799	1798
1800	1801
1801	1800
1800	1802
1802	1800
1800	1803
1803	1800
1801	1802
1802	1801
1801	1803
1803	1801
1802	1803
1803	1802
1804	1805
1805	1804
1804	1806
1806	1804
1804	1807
1807	1804
1805	1806
1806	1805
1805	1807
1807	1805
1806	1807
1807	1806
1808	1809
1809	1808
1808	1810
1810	1808
1808	1811
1811	1808
1809	1810
1810	1809
1809	1811
1811	1809
1810	1811
1811	1810
1812	1813
1813	1812
1812	1814
1814	1812
1812	1815
1815	1812
1813	1814
1814	1813
1813	1815
1815	1813
1814	1815
1815	1814
1816	1817
1817	1816
1816	1818
1818	1816
1816	1819
1819	1816
1817	1818
1818	1817
1817	1819
1819	1817
1818	1819
1819	1818
1820	1821
1821	1820
1820	1822
1822	1820
1820	1823
1823	1820
1821	1822
1822	1821
1821	1823
1823	1821
1822	1823
1823	1822
1824	1825
1825	1824
1824	1826
1826	1824
1824	1827
1827	1824
1825	1826
1826	1825
1825	1827
1827	1825
1826	1827
1827	1826
1828	1829
1829	1828
1828	1830
1830	1828
1828	1831
1831	1828
1829	1830
1830	1829
1829	1831
1831	1829
1830	1831
1831	1830
1832	1833
1833	1832
1832	1834
1834	1832
1832	1835
1835	1832
1833	1834
1834	1833
1833	1835
1835	1833
1834	1835
1835	1834
1836	1837
1837	1836
1836	1838
1838	1836
1836	1839
1839	1836
1837	1838
1838	1837
1837	1839
1839	1837
1838	1839
1839	1838
1840	1841
1841	1840
1840	1842
1842	1840
1840	1843
1843	1840
1841	1842
1842	1841
1841	1843
1843	1841
1842	1843
1843	1842
1844	1845
1845	1844
1844	1846
1846	1844
1844	1847
1847	1844
1845	1846
1846	1845
1845	1847
1847	1845
1846	1847
1847	1846
1848	1849
1849	1848
1850	1851
1851	1850
1852	1853
1853	1852
1854	1855
1855	1854
1856	1857
1857	1856
1858	1859
1859	1858
1860	1861
1861	1860
1862	1863
1863	1862
1864	1865
1865	1864
1866	1867
1867	1866
1868	1869
1869	1868
1870	1871
1871	1870
1872	1873
1873	1872
1874	1875
1875	1874
1876	1877
1877	1876
1878	1879
1879	1878
1880	1881
1881	1880
1882	1883
1883	1882
1884	1885
1885	1884
1886	1887
1887	1886
1888	1889
1889	1888
1890	1891
1891	1890
1892	1893
1893	1892
1894	1895
1895	1894
1897	1898
1898	1897
1899	1900
1900	1899
1901	1902
1902	1901
1903	1904
1904	1903
1905	1906
1906	1905
1907	1908
1908	1907
1909	1910
1910	1909
1911	1912
1912	1911
1913	1914
1914	1913
1915	1916
1916	1915
1917	1918
1918	1917
1919	1920
1920	1919
1921	1922
1922	1921
1923	1924
1924	1923
1925	1926
1926	1925
1927	1928
1928	1927
1929	1930
1930	1929
1931	1932
1932	1931
1933	1934
1934	1933
1935	1936
1936	1935
1937	1938
1938	1937
1939	1940
1940	1939
1941	1942
1942	1941
1943	1944
1944	1943
1945	1946
1946	1945
1947	1948
1948	1947
1949	1950
1950	1949
1951	1952
1952	1951
1953	1954
1954	1953
1955	1956
1956	1955
1957	1958
1958	1957
1959	1960
1960	1959
1961	1962
1962	1961
1963	1964
1964	1963
1965	1966
1966	1965
1967	1968
1968	1967
1969	1970
1970	1969
1971	1972
1972	1971
1973	1974
1974	1973
1975	1976
1976	1975
1980	1981
1981	1980
1980	1982
1982	1980
1981	1982
1982	1981
1983	1984
1984	1983
1983	1985
1985	1983
1984	1985
1985	1984
1986	1987
1987	1986
1986	1988
1988	1986
1987	1988
1988	1987
1989	1990
1990	1989
1989	1991
1991	1989
1990	1991
1991	1990
1992	1993
1993	1992
1992	1994
1994	1992
1993	1994
1994	1993
1995	1996
1996	1995
1995	1997
1997	1995
1996	1997
1997	1996
1998	1999
1999	1998
1998	2000
2000	1998
1999	2000
2000	1999
2001	2002
2002	2001
2001	2003
2003	2001
2002	2003
2003	2002
2004	2005
2005	2004
2004	2006
2006	2004
2005	2006
2006	2005
2007	2008
2008	2007
2007	2009
2009	2007
2008	2009
2009	2008
2010	2011
2011	2010
2010	2012
2012	2010
2011	2012
2012	2011
2013	2014
2014	2013
2013	2015
2015	2013
2014	2015
2015	2014
2016	2017
2017	2016
2016	2018
2018	2016
2017	2018
2018	2017
2019	2020
2020	2019
2019	2021
2021	2019
2020	2021
2021	2020
2022	2023
2023	2022
2022	2024
2024	2022
2023	2024
2024	2023
2025	2026
2026	2025
2025	2027
2027	2025
2026	2027
2027	2026
2028	2029
2029	2028
2028	2030
2030	2028
2029	2030
2030	2029
2031	2032
2032	2031
2031	2033
2033	2031
2032	2033
2033	2032
2034	2035
2035	2034
2034	2036
2036	2034
2035	2036
2036	2035
2037	2038
2038	2037
2037	2039
2039	2037
2038	2039
2039	2038
2040	2041
2041	2040
2040	2042
2042	2040
2041	2042
2042	2041
2043	2044
2044	2043
2043	2045
2045	2043
2044	2045
2045	2044
2046	2047
2047	2046
2046	2048
2048	2046
2047	2048
2048	2047
2049	2050
2050	2049
2049	2051
2051	2049
2050	2051
2051	2050
2052	2053
2053	2052
2052	2054
2054	2052
2053	2054
2054	2053
2055	2056
2056	2055
2055	2057
2057	2055
2056	2057
2057	2056
2058	2059
2059	2058
2058	2060
2060	2058
2059	2060
2060	2059
2061	2062
2062	2061
2063	2064
2064	2063
2065	2066
2066	2065
2067	2068
2068	2067
2069	2070
2070	2069
2071	2072
2072	2071
2073	2074
2074	2073
2075	2076
2076	2075
2077	2078
2078	2077
2079	2080
2080	2079
2081	2082
2082	2081
2083	2084
2084	2083
2085	2086
2086	2085
2087	2088
2088	2087
2089	2090
2090	2089
2091	2092
2092	2091
2093	2094
2094	2093
2095	2096
2096	2095
2097	2098
2098	2097
2099	2100
2100	2099
2101	2102
2102	2101
2135	2136
2136	2135
2154	2155
2155	2154
2156	2157
2157	2156
2158	2159
2159	2158
2160	2161
2161	2160
2162	2163
2163	2162
2164	2165
2165	2164
2166	2167
2167	2166
2168	2169
2169	2168
2170	2171
2171	2170
2172	2173
2173	2172
2174	2175
2175	2174
2176	2177
2177	2176
2178	2179
2179	2178
2180	2181
2181	2180
2182	2183
2183	2182
2184	2185
2185	2184
2186	2187
2187	2186
2188	2189
2189	2188
2190	2191
2191	2190
2192	2193
2193	2192
2194	2195
2195	2194
2196	2197
2197	2196
2198	2199
2199	2198
2200	2201
2201	2200
2202	2203
2203	2202
2204	2205
2205	2204
2206	2207
2207	2206
2208	2209
2209	2208
2210	2211
2211	2210
2212	2213
2213	2212
2214	2215
2215	2214
2216	2217
2217	2216
2218	2219
2219	2218
2220	2221
2221	2220
2222	2223
2223	2222
2224	2225
2225	2224
2226	2227
2227	2226
2228	2229
2229	2228
2230	2231
2231	2230
2232	2233
2233	2232
2234	2235
2235	2234
2236	2237
2237	2236
2238	2239
2239	2238
2240	2241
2241	2240
2242	2243
2243	2242
2244	2245
2245	2244
2244	2246
2246	2244
2245	2246
2246	2245
2247	2248
2248	2247
2247	2249
2249	2247
2247	2250
2250	2247
2247	2251
2251	2247
2247	2252
2252	2247
2248	2249
2249	2248
2248	2250
2250	2248
2248	2251
2251	2248
2248	2252
2252	2248
2249	2250
2250	2249
2249	2251
2251	2249
2249	2252
2252	2249
2250	2251
2251	2250
2250	2252
2252	2250
2251	2252
2252	2251
2253	2254
2254	2253
2253	2255
2255	2253
2253	2256
2256	2253
2253	2257
2257	2253
2253	2258
2258	2253
2254	2255
2255	2254
2254	2256
2256	2254
2254	2257
2257	2254
2254	2258
2258	2254
2255	2256
2256	2255
2255	2257
2257	2255
2255	2258
2258	2255
2256	2257
2257	2256
2256	2258
2258	2256
2257	2258
2258	2257
2259	2260
2260	2259
2259	2261
2261	2259
2259	2262
2262	2259
2259	2263
2263	2259
2259	2264
2264	2259
2260	2261
2261	2260
2260	2262
2262	2260
2260	2263
2263	2260
2260	2264
2264	2260
2261	2262
2262	2261
2261	2263
2263	2261
2261	2264
2264	2261
2262	2263
2263	2262
2262	2264
2264	2262
2263	2264
2264	2263
2265	2266
2266	2265
2265	2267
2267	2265
2265	2268
2268	2265
2265	2269
2269	2265
2265	2270
2270	2265
2266	2267
2267	2266
2266	2268
2268	2266
2266	2269
2269	2266
2266	2270
2270	2266
2267	2268
2268	2267
2267	2269
2269	2267
2267	2270
2270	2267
2268	2269
2269	2268
2268	2270
2270	2268
2269	2270
2270	2269
2271	2272
2272	2271
2271	2273
2273	2271
2271	2274
2274	2271
2271	2275
2275	2271
2271	2276
2276	2271
2272	2273
2273	2272
2272	2274
2274	2272
2272	2275
2275	2272
2272	2276
2276	2272
2273	2274
2274	2273
2273	2275
2275	2273
2273	2276
2276	2273
2274	2275
2275	2274
2274	2276
2276	2274
2275	2276
2276	2275
2277	2278
2278	2277
2277	2279
2279	2277
2277	2280
2280	2277
2277	2281
2281	2277
2277	2282
2282	2277
2278	2279
2279	2278
2278	2280
2280	2278
2278	2281
2281	2278
2278	2282
2282	2278
2279	2280
2280	2279
2279	2281
2281	2279
2279	2282
2282	2279
2280	2281
2281	2280
2280	2282
2282	2280
2281	2282
2282	2281
2283	2284
2284	2283
2283	2285
2285	2283
2283	2286
2286	2283
2283	2287
2287	2283
2283	2288
2288	2283
2284	2285
2285	2284
2284	2286
2286	2284
2284	2287
2287	2284
2284	2288
2288	2284
2285	2286
2286	2285
2285	2287
2287	2285
2285	2288
2288	2285
2286	2287
2287	2286
2286	2288
2288	2286
2287	2288
2288	2287
2289	2290
2290	2289
2289	2291
2291	2289
2289	2292
2292	2289
2289	2293
2293	2289
2289	2294
2294	2289
2290	2291
2291	2290
2290	2292
2292	2290
2290	2293
2293	2290
2290	2294
2294	2290
2291	2292
2292	2291
2291	2293
2293	2291
2291	2294
2294	2291
2292	2293
2293	2292
2292	2294
2294	2292
2293	2294
2294	2293
2295	2296
2296	2295
2295	2297
2297	2295
2295	2298
2298	2295
2295	2299
2299	2295
2295	2300
2300	2295
2296	2297
2297	2296
2296	2298
2298	2296
2296	2299
2299	2296
2296	2300
2300	2296
2297	2298
2298	2297
2297	2299
2299	2297
2297	2300
2300	2297
2298	2299
2299	2298
2298	2300
2300	2298
2299	2300
2300	2299
2301	2302
2302	2301
2301	2303
2303	2301
2301	2304
2304	2301
2301	2305
2305	2301
2301	2306
2306	2301
2302	2303
2303	2302
2302	2304
2304	2302
2302	2305
2305	2302
2302	2306
2306	2302
2303	2304
2304	2303
2303	2305
2305	2303
2303	2306
2306	2303
2304	2305
2305	2304
2304	2306
2306	2304
2305	2306
2306	2305
2307	2308
2308	2307
2307	2309
2309	2307
2307	2310
2310	2307
2308	2309
2309	2308
2308	2310
2310	2308
2309	2310
2310	2309
2311	2312
2312	2311
2311	2313
2313	2311
2311	2314
2314	2311
2312	2313
2313	2312
2312	2314
2314	2312
2313	2314
2314	2313
2315	2316
2316	2315
2315	2317
2317	2315
2316	2317
2317	2316
2318	2319
2319	2318
2318	2320
2320	2318
2318	2321
2321	2318
2319	2320
2320	2319
2319	2321
2321	2319
2320	2321
2321	2320
2322	2323
2323	2322
2322	2324
2324	2322
2322	2325
2325	2322
2322	2326
2326	2322
2323	2324
2324	2323
2323	2325
2325	2323
2323	2326
2326	2323
2324	2325
2325	2324
2324	2326
2326	2324
2325	2326
2326	2325
2327	2328
2328	2327
2327	2329
2329	2327
2327	2330
2330	2327
2328	2329
2329	2328
2328	2330
2330	2328
2329	2330
2330	2329
2331	2332
2332	2331
2331	2333
2333	2331
2331	2334
2334	2331
2332	2333
2333	2332
2332	2334
2334	2332
2333	2334
2334	2333
2335	2336
2336	2335
2335	2337
2337	2335
2335	2338
2338	2335
2336	2337
2337	2336
2336	2338
2338	2336
2337	2338
2338	2337
2339	2340
2340	2339
2339	2341
2341	2339
2339	2342
2342	2339
2340	2341
2341	2340
2340	2342
2342	2340
2341	2342
2342	2341
2343	2344
2344	2343
2343	2345
2345	2343
2343	2346
2346	2343
2344	2345
2345	2344
2344	2346
2346	2344
2345	2346
2346	2345
2347	2348
2348	2347
2347	2349
2349	2347
2347	2350
2350	2347
2348	2349
2349	2348
2348	2350
2350	2348
2349	2350
2350	2349
2351	2352
2352	2351
2351	2353
2353	2351
2351	2354
2354	2351
2352	2353
2353	2352
2352	2354
2354	2352
2353	2354
2354	2353
2355	2356
2356	2355
2355	2357
2357	2355
2355	2358
2358	2355
2356	2357
2357	2356
2356	2358
2358	2356
2357	2358
2358	2357
2359	2360
2360	2359
2361	2362
2362	2361
2361	2363
2363	2361
2362	2363
2363	2362
2364	2365
2365	2364
2364	2366
2366	2364
2365	2366
2366	2365
2367	2368
2368	2367
2367	2369
2369	2367
2368	2369
2369	2368
2370	2371
2371	2370
2370	2372
2372	2370
2371	2372
2372	2371
2373	2374
2374	2373
2373	2375
2375	2373
2374	2375
2375	2374
2376	2377
2377	2376
2376	2378
2378	2376
2377	2378
2378	2377
2379	2380
2380	2379
2379	2381
2381	2379
2380	2381
2381	2380
2382	2383
2383	2382
2382	2384
2384	2382
2383	2384
2384	2383
2385	2386
2386	2385
2385	2387
2387	2385
2386	2387
2387	2386
2388	2389
2389	2388
2388	2390
2390	2388
2389	2390
2390	2389
2391	2392
2392	2391
2391	2393
2393	2391
2391	2394
2394	2391
2392	2393
2393	2392
2392	2394
2394	2392
2393	2394
2394	2393
2395	2396
2396	2395
2395	2397
2397	2395
2395	2398
2398	2395
2396	2397
2397	2396
2396	2398
2398	2396
2397	2398
2398	2397
2399	2400
2400	2399
2399	2401
2401	2399
2399	2402
2402	2399
2400	2401
2401	2400
2400	2402
2402	2400
2401	2402
2402	2401
2403	2404
2404	2403
2403	2405
2405	2403
2403	2406
2406	2403
2404	2405
2405	2404
2404	2406
2406	2404
2405	2406
2406	2405
2407	2408
2408	2407
2407	2409
2409	2407
2407	2410
2410	2407
2408	2409
2409	2408
2408	2410
2410	2408
2409	2410
2410	2409
2411	2412
2412	2411
2411	2413
2413	2411
2411	2414
2414	2411
2412	2413
2413	2412
2412	2414
2414	2412
2413	2414
2414	2413
2415	2416
2416	2415
2415	2417
2417	2415
2415	2418
2418	2415
2416	2417
2417	2416
2416	2418
2418	2416
2417	2418
2418	2417
2419	2420
2420	2419
2419	2421
2421	2419
2419	2422
2422	2419
2420	2421
2421	2420
2420	2422
2422	2420
2421	2422
2422	2421
2423	2424
2424	2423
2423	2425
2425	2423
2423	2426
2426	2423
2424	2425
2425	2424
2424	2426
2426	2424
2425	2426
2426	2425
2427	2428
2428	2427
2427	2429
2429	2427
2427	2430
2430	2427
2428	2429
2429	2428
2428	2430
2430	2428
2429	2430
2430	2429
2431	2432
2432	2431
2431	2433
2433	2431
2431	2434
2434	2431
2432	2433
2433	2432
2432	2434
2434	2432
2433	2434
2434	2433
2435	2436
2436	2435
2435	2437
2437	2435
2435	2438
2438	2435
2436	2437
2437	2436
2436	2438
2438	2436
2437	2438
2438	2437
2439	2440
2440	2439
2439	2441
2441	2439
2439	2442
2442	2439
2440	2441
2441	2440
2440	2442
2442	2440
2441	2442
2442	2441
2443	2444
2444	2443
2443	2445
2445	2443
2443	2446
2446	2443
2444	2445
2445	2444
2444	2446
2446	2444
2445	2446
2446	2445
2447	2448
2448	2447
2447	2449
2449	2447
2447	2450
2450	2447
2448	2449
2449	2448
2448	2450
2450	2448
2449	2450
2450	2449
2451	2452
2452	2451
2451	2453
2453	2451
2451	2454
2454	2451
2452	2453
2453	2452
2452	2454
2454	2452
2453	2454
2454	2453
2455	2456
2456	2455
2455	2457
2457	2455
2455	2458
2458	2455
2456	2457
2457	2456
2456	2458
2458	2456
2457	2458
2458	2457
2459	2460
2460	2459
2459	2461
2461	2459
2459	2462
2462	2459
2460	2461
2461	2460
2460	2462
2462	2460
2461	2462
2462	2461
2463	2464
2464	2463
2463	2465
2465	2463
2463	2466
2466	2463
2464	2465
2465	2464
2464	2466
2466	2464
2465	2466
2466	2465
2467	2468
2468	2467
2467	2469
2469	2467
2467	2470
2470	2467
2468	2469
2469	2468
2468	2470
2470	2468
2469	2470
2470	2469
2471	2472
2472	2471
2471	2473
2473	2471
2471	2474
2474	2471
2472	2473
2473	2472
2472	2474
2474	2472
2473	2474
2474	2473
2475	2476
2476	2475
2475	2477
2477	2475
2475	2478
2478	2475
2476	2477
2477	2476
2476	2478
2478	2476
2477	2478
2478	2477
2479	2480
2480	2479
2479	2481
2481	2479
2479	2482
2482	2479
2480	2481
2481	2480
2480	2482
2482	2480
2481	2482
2482	2481
2483	2484
2484	2483
2483	2485
2485	2483
2483	2486
2486	2483
2484	2485
2485	2484
2484	2486
2486	2484
2485	2486
2486	2485
2487	2488
2488	2487
2487	2489
2489	2487
2487	2490
2490	2487
2488	2489
2489	2488
2488	2490
2490	2488
2489	2490
2490	2489
2491	2492
2492	2491
2491	2493
2493	2491
2491	2494
2494	2491
2492	2493
2493	2492
2492	2494
2494	2492
2493	2494
2494	2493
2495	2496
2496	2495
2495	2497
2497	2495
2495	2498
2498	2495
2496	2497
2497	2496
2496	2498
2498	2496
2497	2498
2498	2497
2499	2500
2500	2499
2499	2501
2501	2499
2499	2502
2502	2499
2500	2501
2501	2500
2500	2502
2502	2500
2501	2502
2502	2501
2503	2504
2504	2503
2503	2505
2505	2503
2503	2506
2506	2503
2504	2505
2505	2504
2504	2506
2506	2504
2505	2506
2506	2505
2507	2508
2508	2507
2507	2509
2509	2507
2507	2510
2510	2507
2508	2509
2509	2508
2508	2510
2510	2508
2509	2510
2510	2509
2511	2512
2512	2511
2511	2513
2513	2511
2511	2514
2514	2511
2512	2513
2513	2512
2512	2514
2514	2512
2513	2514
2514	2513
2515	2516
2516	2515
2515	2517
2517	2515
2515	2518
2518	2515
2516	2517
2517	2516
2516	2518
2518	2516
2517	2518
2518	2517
2519	2520
2520	2519
2519	2521
2521	2519
2519	2522
2522	2519
2520	2521
2521	2520
2520	2522
2522	2520
2521	2522
2522	2521
2523	2524
2524	2523
2523	2525
2525	2523
2523	2526
2526	2523
2524	2525
2525	2524
2524	2526
2526	2524
2525	2526
2526	2525
2527	2528
2528	2527
2527	2529
2529	2527
2527	2530
2530	2527
2528	2529
2529	2528
2528	2530
2530	2528
2529	2530
2530	2529
2531	2532
2532	2531
2531	2533
2533	2531
2531	2534
2534	2531
2532	2533
2533	2532
2532	2534
2534	2532
2533	2534
2534	2533
2535	2536
2536	2535
2535	2537
2537	2535
2535	2538
2538	2535
2536	2537
2537	2536
2536	2538
2538	2536
2537	2538
2538	2537
2539	2540
2540	2539
2539	2541
2541	2539
2539	2542
2542	2539
2540	2541
2541	2540
2540	2542
2542	2540
2541	2542
2542	2541
2543	2544
2544	2543
2543	2545
2545	2543
2543	2546
2546	2543
2544	2545
2545	2544
2544	2546
2546	2544
2545	2546
2546	2545
2547	2548
2548	2547
2547	2549
2549	2547
2547	2550
2550	2547
2548	2549
2549	2548
2548	2550
2550	2548
2549	2550
2550	2549
2551	2552
2552	2551
2551	2553
2553	2551
2551	2554
2554	2551
2552	2553
2553	2552
2552	2554
2554	2552
2553	2554
2554	2553
2555	2556
2556	2555
2555	2557
2557	2555
2555	2558
2558	2555
2556	2557
2557	2556
2556	2558
2558	2556
2557	2558
2558	2557
2559	2560
2560	2559
2559	2561
2561	2559
2559	2562
2562	2559
2560	2561
2561	2560
2560	2562
2562	2560
2561	2562
2562	2561
2563	2564
2564	2563
2563	2565
2565	2563
2563	2566
2566	2563
2564	2565
2565	2564
2564	2566
2566	2564
2565	2566
2566	2565
2567	2568
2568	2567
2567	2569
2569	2567
2567	2570
2570	2567
2568	2569
2569	2568
2568	2570
2570	2568
2569	2570
2570	2569
2571	2572
2572	2571
2571	2573
2573	2571
2571	2574
2574	2571
2572	2573
2573	2572
2572	2574
2574	2572
2573	2574
2574	2573
2575	2576
2576	2575
2575	2577
2577	2575
2575	2578
2578	2575
2576	2577
2577	2576
2576	2578
2578	2576
2577	2578
2578	2577
2579	2580
2580	2579
2581	2582
2582	2581
2583	2584
2584	2583
2585	2586
2586	2585
2587	2588
2588	2587
2589	2590
2590	2589
2591	2592
2592	2591
2613	2614
2614	2613
2615	2616
2616	2615
2617	2618
2618	2617
2619	2620
2620	2619
2621	2622
2622	2621
2623	2624
2624	2623
2625	2626
2626	2625
2627	2628
2628	2627
2629	2630
2630	2629
2631	2632
2632	2631
2633	2634
2634	2633
2635	2636
2636	2635
2637	2638
2638	2637
2639	2640
2640	2639
2641	2642
2642	2641
2643	2644
2644	2643
2645	2646
2646	2645
2647	2648
2648	2647
2649	2650
2650	2649
2651	2652
2652	2651
2653	2654
2654	2653
2655	2656
2656	2655
2657	2658
2658	2657
2659	2660
2660	2659
2661	2662
2662	2661
2663	2664
2664	2663
2665	2666
2666	2665
2667	2668
2668	2667
2669	2670
2670	2669
2671	2672
2672	2671
2673	2674
2674	2673
2675	2676
2676	2675
2677	2678
2678	2677
2679	2680
2680	2679
2681	2682
2682	2681
2683	2684
2684	2683
2685	2686
2686	2685
2687	2688
2688	2687
2689	2690
2690	2689
2691	2692
2692	2691
2693	2694
2694	2693
2695	2696
2696	2695
2697	2698
2698	2697
2699	2700
2700	2699
2701	2702
2702	2701
2703	2704
2704	2703
2705	2706
2706	2705
2707	2708
2708	2707
2709	2710
2710	2709
2711	2712
2712	2711
2711	2713
2713	2711
2711	2714
2714	2711
2712	2713
2713	2712
2712	2714
2714	2712
2713	2714
2714	2713
2715	2716
2716	2715
2715	2717
2717	2715
2715	2718
2718	2715
2716	2717
2717	2716
2716	2718
2718	2716
2717	2718
2718	2717
2719	2720
2720	2719
2719	2721
2721	2719
2719	2722
2722	2719
2720	2721
2721	2720
2720	2722
2722	2720
2721	2722
2722	2721
2723	2724
2724	2723
2723	2725
2725	2723
2723	2726
2726	2723
2724	2725
2725	2724
2724	2726
2726	2724
2725	2726
2726	2725
2727	2728
2728	2727
2727	2729
2729	2727
2727	2730
2730	2727
2728	2729
2729	2728
2728	2730
2730	2728
2729	2730
2730	2729
2731	2732
2732	2731
2731	2733
2733	2731
2731	2734
2734	2731
2732	2733
2733	2732
2732	2734
2734	2732
2733	2734
2734	2733
2735	2736
2736	2735
2735	2737
2737	2735
2735	2738
2738	2735
2736	2737
2737	2736
2736	2738
2738	2736
2737	2738
2738	2737
2739	2740
2740	2739
2739	2741
2741	2739
2739	2742
2742	2739
2740	2741
2741	2740
2740	2742
2742	2740
2741	2742
2742	2741
2743	2744
2744	2743
2743	2745
2745	2743
2743	2746
2746	2743
2744	2745
2745	2744
2744	2746
2746	2744
2745	2746
2746	2745
2747	2748
2748	2747
2747	2749
2749	2747
2747	2750
2750	2747
2748	2749
2749	2748
2748	2750
2750	2748
2749	2750
2750	2749
2751	2752
2752	2751
2751	2753
2753	2751
2751	2754
2754	2751
2752	2753
2753	2752
2752	2754
2754	2752
2753	2754
2754	2753
2755	2756
2756	2755
2755	2757
2757	2755
2756	2757
2757	2756
2758	2759
2759	2758
2758	2760
2760	2758
2759	2760
2760	2759
2761	2762
2762	2761
2761	2763
2763	2761
2762	2763
2763	2762
2764	2765
2765	2764
2764	2766
2766	2764
2765	2766
2766	2765
2767	2768
2768	2767
2767	2769
2769	2767
2768	2769
2769	2768
2770	2771
2771	2770
2770	2772
2772	2770
2771	2772
2772	2771
2773	2774
2774	2773
2775	2776
2776	2775
2777	2778
2778	2777
2779	2780
2780	2779
2781	2782
2782	2781
2783	2784
2784	2783
2785	2786
2786	2785
2787	2788
2788	2787
2789	2790
2790	2789
2791	2792
2792	2791
2793	2794
2794	2793
2795	2796
2796	2795
2797	2798
2798	2797
2799	2800
2800	2799
2799	2801
2801	2799
2800	2801
2801	2800
2802	2803
2803	2802
2802	2804
2804	2802
2803	2804
2804	2803
2805	2806
2806	2805
2805	2807
2807	2805
2806	2807
2807	2806
2808	2809
2809	2808
2808	2810
2810	2808
2809	2810
2810	2809
2811	2812
2812	2811
2811	2813
2813	2811
2812	2813
2813	2812
2814	2815
2815	2814
2814	2816
2816	2814
2815	2816
2816	2815
2817	2818
2818	2817
2817	2819
2819	2817
2818	2819
2819	2818
2820	2821
2821	2820
2820	2822
2822	2820
2821	2822
2822	2821
2823	2824
2824	2823
2823	2825
2825	2823
2824	2825
2825	2824
2826	2827
2827	2826
2826	2828
2828	2826
2827	2828
2828	2827
2829	2830
2830	2829
2829	2831
2831	2829
2830	2831
2831	2830
2832	2833
2833	2832
2834	2835
2835	2834
2836	2837
2837	2836
2838	2839
2839	2838
2840	2841
2841	2840
2842	2843
2843	2842
2842	2844
2844	2842
2842	2845
2845	2842
2843	2844
2844	2843
2843	2845
2845	2843
2844	2845
2845	2844
2846	2847
2847	2846
2846	2848
2848	2846
2846	2849
2849	2846
2847	2848
2848	2847
2847	2849
2849	2847
2848	2849
2849	2848
2850	2851
2851	2850
2850	2852
2852	2850
2850	2853
2853	2850
2851	2852
2852	2851
2851	2853
2853	2851
2852	2853
2853	2852
2854	2855
2855	2854
2854	2856
2856	2854
2854	2857
2857	2854
2855	2856
2856	2855
2855	2857
2857	2855
2856	2857
2857	2856
2858	2859
2859	2858
2858	2860
2860	2858
2858	2861
2861	2858
2859	2860
2860	2859
2859	2861
2861	2859
2860	2861
2861	2860
2862	2863
2863	2862
2862	2864
2864	2862
2862	2865
2865	2862
2863	2864
2864	2863
2863	2865
2865	2863
2864	2865
2865	2864
2866	2867
2867	2866
2866	2868
2868	2866
2866	2869
2869	2866
2867	2868
2868	2867
2867	2869
2869	2867
2868	2869
2869	2868
2870	2871
2871	2870
2870	2872
2872	2870
2870	2873
2873	2870
2871	2872
2872	2871
2871	2873
2873	2871
2872	2873
2873	2872
2874	2875
2875	2874
2874	2876
2876	2874
2874	2877
2877	2874
2875	2876
2876	2875
2875	2877
2877	2875
2876	2877
2877	2876
2878	2879
2879	2878
2878	2880
2880	2878
2878	2881
2881	2878
2879	2880
2880	2879
2879	2881
2881	2879
2880	2881
2881	2880
2882	2883
2883	2882
2882	2884
2884	2882
2882	2885
2885	2882
2883	2884
2884	2883
2883	2885
2885	2883
2884	2885
2885	2884
2886	2887
2887	2886
2886	2888
2888	2886
2886	2889
2889	2886
2887	2888
2888	2887
2887	2889
2889	2887
2888	2889
2889	2888
2890	2891
2891	2890
2890	2892
2892	2890
2890	2893
2893	2890
2891	2892
2892	2891
2891	2893
2893	2891
2892	2893
2893	2892
2894	2895
2895	2894
2894	2896
2896	2894
2894	2897
2897	2894
2895	2896
2896	2895
2895	2897
2897	2895
2896	2897
2897	2896
2898	2899
2899	2898
2898	2900
2900	2898
2898	2901
2901	2898
2899	2900
2900	2899
2899	2901
2901	2899
2900	2901
2901	2900
2902	2903
2903	2902
2902	2904
2904	2902
2902	2905
2905	2902
2903	2904
2904	2903
2903	2905
2905	2903
2904	2905
2905	2904
2906	2907
2907	2906
2906	2908
2908	2906
2906	2909
2909	2906
2907	2908
2908	2907
2907	2909
2909	2907
2908	2909
2909	2908
2910	2911
2911	2910
2910	2912
2912	2910
2910	2913
2913	2910
2911	2912
2912	2911
2911	2913
2913	2911
2912	2913
2913	2912
2914	2915
2915	2914
2914	2916
2916	2914
2914	2917
2917	2914
2915	2916
2916	2915
2915	2917
2917	2915
2916	2917
2917	2916
2918	2919
2919	2918
2918	2920
2920	2918
2918	2921
2921	2918
2919	2920
2920	2919
2919	2921
2921	2919
2920	2921
2921	2920
2922	2923
2923	2922
2922	2924
2924	2922
2922	2925
2925	2922
2923	2924
2924	2923
2923	2925
2925	2923
2924	2925
2925	2924
2926	2927
2927	2926
2926	2928
2928	2926
2926	2929
2929	2926
2927	2928
2928	2927
2927	2929
2929	2927
2928	2929
2929	2928
2930	2931
2931	2930
2930	2932
2932	2930
2930	2933
2933	2930
2931	2932
2932	2931
2931	2933
2933	2931
2932	2933
2933	2932
2934	2935
2935	2934
2934	2936
2936	2934
2934	2937
2937	2934
2935	2936
2936	2935
2935	2937
2937	2935
2936	2937
2937	2936
2938	2939
2939	2938
2938	2940
2940	2938
2938	2941
2941	2938
2939	2940
2940	2939
2939	2941
2941	2939
2940	2941
2941	2940
2942	2943
2943	2942
2942	2944
2944	2942
2942	2945
2945	2942
2943	2944
2944	2943
2943	2945
2945	2943
2944	2945
2945	2944
2946	2947
2947	2946
2946	2948
2948	2946
2946	2949
2949	2946
2947	2948
2948	2947
2947	2949
2949	2947
2948	2949
2949	2948
2950	2951
2951	2950
2950	2952
2952	2950
2950	2953
2953	2950
2951	2952
2952	2951
2951	2953
2953	2951
2952	2953
2953	2952
2954	2955
2955	2954
2954	2956
2956	2954
2954	2957
2957	2954
2955	2956
2956	2955
2955	2957
2957	2955
2956	2957
2957	2956
2958	2959
2959	2958
2958	2960
2960	2958
2958	2961
2961	2958
2959	2960
2960	2959
2959	2961
2961	2959
2960	2961
2961	2960
2962	2963
2963	2962
2962	2964
2964	2962
2962	2965
2965	2962
2963	2964
2964	2963
2963	2965
2965	2963
2964	2965
2965	2964
2966	2967
2967	2966
2966	2968
2968	2966
2966	2969
2969	2966
2967	2968
2968	2967
2967	2969
2969	2967
2968	2969
2969	2968
2970	2971
2971	2970
2970	2972
2972	2970
2970	2973
2973	2970
2971	2972
2972	2971
2971	2973
2973	2971
2972	2973
2973	2972
2974	2975
2975	2974
2974	2976
2976	2974
2974	2977
2977	2974
2975	2976
2976	2975
2975	2977
2977	2975
2976	2977
2977	2976
2978	2979
2979	2978
2978	2980
2980	2978
2978	2981
2981	2978
2979	2980
2980	2979
2979	2981
2981	2979
2980	2981
2981	2980
2982	2983
2983	2982
2982	2984
2984	2982
2982	2985
2985	2982
2983	2984
2984	2983
2983	2985
2985	2983
2984	2985
2985	2984
2986	2987
2987	2986
2986	2988
2988	2986
2986	2989
2989	2986
2987	2988
2988	2987
2987	2989
2989	2987
2988	2989
2989	2988
2990	2991
2991	2990
2990	2992
2992	2990
2990	2993
2993	2990
2991	2992
2992	2991
2991	2993
2993	2991
2992	2993
2993	2992
2994	2995
2995	2994
2994	2996
2996	2994
2994	2997
2997	2994
2995	2996
2996	2995
2995	2997
2997	2995
2996	2997
2997	2996
2998	2999
2999	2998
2998	3000
3000	2998
2998	3001
3001	2998
2999	3000
3000	2999
2999	3001
3001	2999
3000	3001
3001	3000
3002	3003
3003	3002
3002	3004
3004	3002
3002	3005
3005	3002
3003	3004
3004	3003
3003	3005
3005	3003
3004	3005
3005	3004
3006	3007
3007	3006
3006	3008
3008	3006
3006	3009
3009	3006
3007	3008
3008	3007
3007	3009
3009	3007
3008	3009
3009	3008
3010	3011
3011	3010
3010	3012
3012	3010
3010	3013
3013	3010
3011	3012
3012	3011
3011	3013
3013	3011
3012	3013
3013	3012
3014	3015
3015	3014
3014	3016
3016	3014
3014	3017
3017	3014
3015	3016
3016	3015
3015	3017
3017	3015
3016	3017
3017	3016
3018	3019
3019	3018
3018	3020
3020	3018
3018	3021
3021	3018
3019	3020
3020	3019
3019	3021
3021	3019
3020	3021
3021	3020
3022	3023
3023	3022
3022	3024
3024	3022
3022	3025
3025	3022
3023	3024
3024	3023
3023	3025
3025	3023
3024	3025
3025	3024
3026	3027
3027	3026
3026	3028
3028	3026
3026	3029
3029	3026
3027	3028
3028	3027
3027	3029
3029	3027
3028	3029
3029	3028
3030	3031
3031	3030
3032	3033
3033	3032
3034	3035
3035	3034
3036	3037
3037	3036
3038	3039
3039	3038
3040	3041
3041	3040
3042	3043
3043	3042
3066	3067
3067	3066
3068	3069
3069	3068
3070	3071
3071	3070
3072	3073
3073	3072
3074	3075
3075	3074
3076	3077
3077	3076
3078	3079
3079	3078
3080	3081
3081	3080
3082	3083
3083	3082
3084	3085
3085	3084
3086	3087
3087	3086
3088	3089
3089	3088
3090	3091
3091	3090
3092	3093
3093	3092
3094	3095
3095	3094
3096	3097
3097	3096
3098	3099
3099	3098
3100	3101
3101	3100
3102	3103
3103	3102
3104	3105
3105	3104
3106	3107
3107	3106
3108	3109
3109	3108
3110	3111
3111	3110
3112	3113
3113	3112
3114	3115
3115	3114
3116	3117
3117	3116
3116	3118
3118	3116
3116	3119
3119	3116
3116	3120
3120	3116
3116	3121
3121	3116
3117	3118
3118	3117
3117	3119
3119	3117
3117	3120
3120	3117
3117	3121
3121	3117
3118	3119
3119	3118
3118	3120
3120	3118
3118	3121
3121	3118
3119	3120
3120	3119
3119	3121
3121	3119
3120	3121
3121	3120
3122	3123
3123	3122
3122	3124
3124	3122
3122	3125
3125	3122
3122	3126
3126	3122
3122	3127
3127	3122
3123	3124
3124	3123
3123	3125
3125	3123
3123	3126
3126	3123
3123	3127
3127	3123
3124	3125
3125	3124
3124	3126
3126	3124
3124	3127
3127	3124
3125	3126
3126	3125
3125	3127
3127	3125
3126	3127
3127	3126
3128	3129
3129	3128
3128	3130
3130	3128
3128	3131
3131	3128
3128	3132
3132	3128
3128	3133
3133	3128
3129	3130
3130	3129
3129	3131
3131	3129
3129	3132
3132	3129
3129	3133
3133	3129
3130	3131
3131	3130
3130	3132
3132	3130
3130	3133
3133	3130
3131	3132
3132	3131
3131	3133
3133	3131
3132	3133
3133	3132
3134	3135
3135	3134
3134	3136
3136	3134
3134	3137
3137	3134
3134	3138
3138	3134
3134	3139
3139	3134
3135	3136
3136	3135
3135	3137
3137	3135
3135	3138
3138	3135
3135	3139
3139	3135
3136	3137
3137	3136
3136	3138
3138	3136
3136	3139
3139	3136
3137	3138
3138	3137
3137	3139
3139	3137
3138	3139
3139	3138
3140	3141
3141	3140
3140	3142
3142	3140
3140	3143
3143	3140
3140	3144
3144	3140
3140	3145
3145	3140
3141	3142
3142	3141
3141	3143
3143	3141
3141	3144
3144	3141
3141	3145
3145	3141
3142	3143
3143	3142
3142	3144
3144	3142
3142	3145
3145	3142
3143	3144
3144	3143
3143	3145
3145	3143
3144	3145
3145	3144
3146	3147
3147	3146
3146	3148
3148	3146
3146	3149
3149	3146
3146	3150
3150	3146
3146	3151
3151	3146
3147	3148
3148	3147
3147	3149
3149	3147
3147	3150
3150	3147
3147	3151
3151	3147
3148	3149
3149	3148
3148	3150
3150	3148
3148	3151
3151	3148
3149	3150
3150	3149
3149	3151
3151	3149
3150	3151
3151	3150
3152	3153
3153	3152
3152	3154
3154	3152
3152	3155
3155	3152
3152	3156
3156	3152
3152	3157
3157	3152
3153	3154
3154	3153
3153	3155
3155	3153
3153	3156
3156	3153
3153	3157
3157	3153
3154	3155
3155	3154
3154	3156
3156	3154
3154	3157
3157	3154
3155	3156
3156	3155
3155	3157
3157	3155
3156	3157
3157	3156
3158	3159
3159	3158
3158	3160
3160	3158
3158	3161
3161	3158
3158	3162
3162	3158
3158	3163
3163	3158
3159	3160
3160	3159
3159	3161
3161	3159
3159	3162
3162	3159
3159	3163
3163	3159
3160	3161
3161	3160
3160	3162
3162	3160
3160	3163
3163	3160
3161	3162
3162	3161
3161	3163
3163	3161
3162	3163
3163	3162
3164	3165
3165	3164
3164	3166
3166	3164
3164	3167
3167	3164
3164	3168
3168	3164
3164	3169
3169	3164
3165	3166
3166	3165
3165	3167
3167	3165
3165	3168
3168	3165
3165	3169
3169	3165
3166	3167
3167	3166
3166	3168
3168	3166
3166	3169
3169	3166
3167	3168
3168	3167
3167	3169
3169	3167
3168	3169
3169	3168
3170	3171
3171	3170
3170	3172
3172	3170
3170	3173
3173	3170
3170	3174
3174	3170
3170	3175
3175	3170
3171	3172
3172	3171
3171	3173
3173	3171
3171	3174
3174	3171
3171	3175
3175	3171
3172	3173
3173	3172
3172	3174
3174	3172
3172	3175
3175	3172
3173	3174
3174	3173
3173	3175
3175	3173
3174	3175
3175	3174
3176	3177
3177	3176
3176	3178
3178	3176
3176	3179
3179	3176
3176	3180
3180	3176
3176	3181
3181	3176
3177	3178
3178	3177
3177	3179
3179	3177
3177	3180
3180	3177
3177	3181
3181	3177
3178	3179
3179	3178
3178	3180
3180	3178
3178	3181
3181	3178
3179	3180
3180	3179
3179	3181
3181	3179
3180	3181
3181	3180
3182	3183
3183	3182
3182	3184
3184	3182
3182	3185
3185	3182
3182	3186
3186	3182
3182	3187
3187	3182
3183	3184
3184	3183
3183	3185
3185	3183
3183	3186
3186	3183
3183	3187
3187	3183
3184	3185
3185	3184
3184	3186
3186	3184
3184	3187
3187	3184
3185	3186
3186	3185
3185	3187
3187	3185
3186	3187
3187	3186
3188	3189
3189	3188
3188	3190
3190	3188
3188	3191
3191	3188
3188	3192
3192	3188
3188	3193
3193	3188
3189	3190
3190	3189
3189	3191
3191	3189
3189	3192
3192	3189
3189	3193
3193	3189
3190	3191
3191	3190
3190	3192
3192	3190
3190	3193
3193	3190
3191	3192
3192	3191
3191	3193
3193	3191
3192	3193
3193	3192
3194	3195
3195	3194
3194	3196
3196	3194
3194	3197
3197	3194
3194	3198
3198	3194
3194	3199
3199	3194
3195	3196
3196	3195
3195	3197
3197	3195
3195	3198
3198	3195
3195	3199
3199	3195
3196	3197
3197	3196
3196	3198
3198	3196
3196	3199
3199	3196
3197	3198
3198	3197
3197	3199
3199	3197
3198	3199
3199	3198
3200	3201
3201	3200
3200	3202
3202	3200
3200	3203
3203	3200
3200	3204
3204	3200
3200	3205
3205	3200
3201	3202
3202	3201
3201	3203
3203	3201
3201	3204
3204	3201
3201	3205
3205	3201
3202	3203
3203	3202
3202	3204
3204	3202
3202	3205
3205	3202
3203	3204
3204	3203
3203	3205
3205	3203
3204	3205
3205	3204
3206	3207
3207	3206
3206	3208
3208	3206
3206	3209
3209	3206
3206	3210
3210	3206
3206	3211
3211	3206
3207	3208
3208	3207
3207	3209
3209	3207
3207	3210
3210	3207
3207	3211
3211	3207
3208	3209
3209	3208
3208	3210
3210	3208
3208	3211
3211	3208
3209	3210
3210	3209
3209	3211
3211	3209
3210	3211
3211	3210
3212	3213
3213	3212
3212	3214
3214	3212
3212	3215
3215	3212
3212	3216
3216	3212
3212	3217
3217	3212
3213	3214
3214	3213
3213	3215
3215	3213
3213	3216
3216	3213
3213	3217
3217	3213
3214	3215
3215	3214
3214	3216
3216	3214
3214	3217
3217	3214
3215	3216
3216	3215
3215	3217
3217	3215
3216	3217
3217	3216
3218	3219
3219	3218
3218	3220
3220	3218
3218	3221
3221	3218
3218	3222
3222	3218
3218	3223
3223	3218
3219	3220
3220	3219
3219	3221
3221	3219
3219	3222
3222	3219
3219	3223
3223	3219
3220	3221
3221	3220
3220	3222
3222	3220
3220	3223
3223	3220
3221	3222
3222	3221
3221	3223
3223	3221
3222	3223
3223	3222
3224	3225
3225	3224
3224	3226
3226	3224
3224	3227
3227	3224
3224	3228
3228	3224
3224	3229
3229	3224
3225	3226
3226	3225
3225	3227
3227	3225
3225	3228
3228	3225
3225	3229
3229	3225
3226	3227
3227	3226
3226	3228
3228	3226
3226	3229
3229	3226
3227	3228
3228	3227
3227	3229
3229	3227
3228	3229
3229	3228
3230	3231
3231	3230
3232	3233
3233	3232
3234	3235
3235	3234
3236	3237
3237	3236
3238	3239
3239	3238
3240	3241
3241	3240
3242	3243
3243	3242
3244	3245
3245	3244
3246	3247
3247	3246
3248	3249
3249	3248
3250	3251
3251	3250
3252	3253
3253	3252
3254	3255
3255	3254
3256	3257
3257	3256
3256	3258
3258	3256
3256	3259
3259	3256
3257	3258
3258	3257
3257	3259
3259	3257
3258	3259
3259	3258
3260	3261
3261	3260
3260	3262
3262	3260
3260	3263
3263	3260
3261	3262
3262	3261
3261	3263
3263	3261
3262	3263
3263	3262
3264	3265
3265	3264
3264	3266
3266	3264
3264	3267
3267	3264
3265	3266
3266	3265
3265	3267
3267	3265
3266	3267
3267	3266
3268	3269
3269	3268
3268	3270
3270	3268
3268	3271
3271	3268
3269	3270
3270	3269
3269	3271
3271	3269
3270	3271
3271	3270
3272	3273
3273	3272
3272	3274
3274	3272
3272	3275
3275	3272
3273	3274
3274	3273
3273	3275
3275	3273
3274	3275
3275	3274
3276	3277
3277	3276
3276	3278
3278	3276
3276	3279
3279	3276
3277	3278
3278	3277
3277	3279
3279	3277
3278	3279
3279	3278
3280	3281
3281	3280
3280	3282
3282	3280
3280	3283
3283	3280
3281	3282
3282	3281
3281	3283
3283	3281
3282	3283
3283	3282
3284	3285
3285	3284
3284	3286
3286	3284
3284	3287
3287	3284
3285	3286
3286	3285
3285	3287
3287	3285
3286	3287
3287	3286
3288	3289
3289	3288
3288	3290
3290	3288
3288	3291
3291	3288
3289	3290
3290	3289
3289	3291
3291	3289
3290	3291
3291	3290
3292	3293
3293	3292
3292	3294
3294	3292
3292	3295
3295	3292
3293	3294
3294	3293
3293	3295
3295	3293
3294	3295
3295	3294
3296	3297
3297	3296
3296	3298
3298	3296
3296	3299
3299	3296
3297	3298
3298	3297
3297	3299
3299	3297
3298	3299
3299	3298
3300	3301
3301	3300
3300	3302
3302	3300
3300	3303
3303	3300
3301	3302
3302	3301
3301	3303
3303	3301
3302	3303
3303	3302
3304	3305
3305	3304
3304	3306
3306	3304
3304	3307
3307	3304
3305	3306
3306	3305
3305	3307
3307	3305
3306	3307
3307	3306
3308	3309
3309	3308
3308	3310
3310	3308
3308	3311
3311	3308
3309	3310
3310	3309
3309	3311
3311	3309
3310	3311
3311	3310
3312	3313
3313	3312
3312	3314
3314	3312
3312	3315
3315	3312
3313	3314
3314	3313
3313	3315
3315	3313
3314	3315
3315	3314
3316	3317
3317	3316
3318	3319
3319	3318
3320	3321
3321	3320
3322	3323
3323	3322
3324	3325
3325	3324
3324	3326
3326	3324
3325	3326
3326	3325
3327	3328
3328	3327
3329	3330
3330	3329
3331	3332
3332	3331
3333	3334
3334	3333
3335	3336
3336	3335
3337	3338
3338	3337
3339	3340
3340	3339
3341	3342
3342	3341
3343	3344
3344	3343
3345	3346
3346	3345
3347	3348
3348	3347
3349	3350
3350	3349
3351	3352
3352	3351
3353	3354
3354	3353
3355	3356
3356	3355
3357	3358
3358	3357
3359	3360
3360	3359
3361	3362
3362	3361
3363	3364
3364	3363
3365	3366
3366	3365
3367	3368
3368	3367
3369	3370
3370	3369
3371	3372
3372	3371
3373	3374
3374	3373
3375	3376
3376	3375
3377	3378
3378	3377
3379	3380
3380	3379
3381	3382
3382	3381
3383	3384
3384	3383
3385	3386
3386	3385
3387	3388
3388	3387
3389	3390
3390	3389
3391	3392
3392	3391
3393	3394
3394	3393
3395	3396
3396	3395
3397	3398
3398	3397
3399	3400
3400	3399
3401	3402
3402	3401
3403	3404
3404	3403
3405	3406
3406	3405
3407	3408
3408	3407
3409	3410
3410	3409
3411	3412
3412	3411
3413	3414
3414	3413
3439	3440
3440	3439
3441	3442
3442	3441
3441	3443
3443	3441
3441	3444
3444	3441
3442	3443
3443	3442
3442	3444
3444	3442
3443	3444
3444	3443
3445	3446
3446	3445
3445	3447
3447	3445
3445	3448
3448	3445
3446	3447
3447	3446
3446	3448
3448	3446
3447	3448
3448	3447
3449	3450
3450	3449
3449	3451
3451	3449
3449	3452
3452	3449
3450	3451
3451	3450
3450	3452
3452	3450
3451	3452
3452	3451
3453	3454
3454	3453
3453	3455
3455	3453
3453	3456
3456	3453
3454	3455
3455	3454
3454	3456
3456	3454
3455	3456
3456	3455
3457	3458
3458	3457
3457	3459
3459	3457
3457	3460
3460	3457
3458	3459
3459	3458
3458	3460
3460	3458
3459	3460
3460	3459
3461	3462
3462	3461
3461	3463
3463	3461
3461	3464
3464	3461
3462	3463
3463	3462
3462	3464
3464	3462
3463	3464
3464	3463
3465	3466
3466	3465
3465	3467
3467	3465
3465	3468
3468	3465
3466	3467
3467	3466
3466	3468
3468	3466
3467	3468
3468	3467
3469	3470
3470	3469
3469	3471
3471	3469
3469	3472
3472	3469
3470	3471
3471	3470
3470	3472
3472	3470
3471	3472
3472	3471
3473	3474
3474	3473
3473	3475
3475	3473
3473	3476
3476	3473
3474	3475
3475	3474
3474	3476
3476	3474
3475	3476
3476	3475
3477	3478
3478	3477
3477	3479
3479	3477
3477	3480
3480	3477
3478	3479
3479	3478
3478	3480
3480	3478
3479	3480
3480	3479
3481	3482
3482	3481
3481	3483
3483	3481
3482	3483
3483	3482
3484	3485
3485	3484
3484	3486
3486	3484
3484	3487
3487	3484
3485	3486
3486	3485
3485	3487
3487	3485
3486	3487
3487	3486
3488	3489
3489	3488
3488	3490
3490	3488
3488	3491
3491	3488
3489	3490
3490	3489
3489	3491
3491	3489
3490	3491
3491	3490
3492	3493
3493	3492
3492	3494
3494	3492
3492	3495
3495	3492
3493	3494
3494	3493
3493	3495
3495	3493
3494	3495
3495	3494
3496	3497
3497	3496
3496	3498
3498	3496
3496	3499
3499	3496
3497	3498
3498	3497
3497	3499
3499	3497
3498	3499
3499	3498
3500	3501
3501	3500
3500	3502
3502	3500
3500	3503
3503	3500
3501	3502
3502	3501
3501	3503
3503	3501
3502	3503
3503	3502
3504	3505
3505	3504
3504	3506
3506	3504
3504	3507
3507	3504
3505	3506
3506	3505
3505	3507
3507	3505
3506	3507
3507	3506
3508	3509
3509	3508
3508	3510
3510	3508
3508	3511
3511	3508
3509	3510
3510	3509
3509	3511
3511	3509
3510	3511
3511	3510
3512	3513
3513	3512
3512	3514
3514	3512
3513	3514
3514	3513
3515	3516
3516	3515
3515	3517
3517	3515
3515	3518
3518	3515
3516	3517
3517	3516
3516	3518
3518	3516
3517	3518
3518	3517
3519	3520
3520	3519
3519	3521
3521	3519
3519	3522
3522	3519
3519	3523
3523	3519
3520	3521
3521	3520
3520	3522
3522	3520
3520	3523
3523	3520
3521	3522
3522	3521
3521	3523
3523	3521
3522	3523
3523	3522
