0	0
0	1
0	2
1	3
1	4
1	5
2	6
2	7
2	8
3	9
3	10
3	11
4	12
4	13
4	14
5	15
5	16
5	17
6	18
6	19
6	20
7	21
7	22
7	23
8	24
8	25
8	26
8	27
9	28
9	29
9	30
10	31
10	32
10	33
11	34
11	35
11	36
12	37
12	38
12	39
13	40
13	41
13	42
14	43
14	44
14	45
15	46
15	47
15	48
16	49
16	50
16	51
17	52
17	53
17	54
18	55
18	56
18	57
19	58
19	59
19	60
20	61
20	62
20	63
21	64
21	65
22	66
22	67
23	68
23	69
24	70
24	71
24	72
24	73
25	74
25	75
25	76
25	77
26	78
26	79
26	80
26	81
27	82
27	83
27	84
27	85
28	86
28	87
28	88
28	89
29	90
29	91
29	92
29	93
30	94
30	95
30	96
30	97
31	98
31	99
31	100
31	101
32	102
32	103
32	104
32	105
33	106
33	107
33	108
33	109
34	110
34	111
34	112
34	113
35	114
35	115
35	116
35	117
36	118
36	119
36	120
36	121
37	122
37	123
37	124
37	125
38	126
38	127
39	128
39	129
40	130
40	131
41	132
41	133
42	134
42	135
43	136
43	137
44	138
44	139
45	140
45	141
46	142
46	143
47	144
47	145
48	146
48	147
49	148
49	149
50	150
50	151
51	152
51	153
52	154
52	155
53	156
53	157
54	158
54	159
55	160
55	161
56	162
56	163
57	164
57	165
58	166
58	167
59	168
59	169
60	170
60	171
61	172
61	173
62	174
62	175
63	176
63	177
64	178
64	179
65	180
65	181
66	182
66	183
67	184
67	185
68	186
68	187
69	188
69	189
70	190
70	191
71	192
71	193
72	194
72	195
73	196
73	197
74	198
74	199
75	200
75	201
76	202
76	203
77	204
77	205
78	206
78	207
79	208
79	209
80	210
80	211
81	212
81	213
82	214
82	215
83	216
83	217
84	218
84	219
85	220
85	221
86	222
86	223
87	224
87	225
88	226
88	227
89	228
89	229
90	230
90	231
91	232
91	233
92	234
92	235
93	236
93	237
94	238
94	239
95	240
95	241
96	242
96	243
97	244
97	245
98	246
98	247
99	248
99	249
100	250
100	251
101	252
101	253
102	254
102	255
103	256
103	257
104	258
104	259
105	260
105	261
106	262
106	263
107	264
107	265
108	266
108	267
109	268
109	269
110	270
110	271
111	272
111	273
112	274
112	275
113	276
113	277
114	278
114	279
115	280
115	281
115	282
116	283
116	284
116	285
117	286
117	287
117	288
118	289
118	290
118	291
119	292
119	293
119	294
120	295
120	296
120	297
121	298
121	299
121	300
122	301
122	302
122	303
123	304
123	305
123	306
124	307
124	308
124	309
125	310
125	311
125	312
126	313
126	314
126	315
126	316
127	317
127	318
127	319
127	320
128	321
128	322
128	323
128	324
129	325
129	326
129	327
130	328
130	329
130	330
131	331
131	332
131	333
132	334
132	335
132	336
133	337
133	338
133	339
134	340
134	341
134	342
135	343
135	344
135	345
136	346
136	347
136	348
137	349
137	350
137	351
138	352
138	353
138	354
139	355
139	356
139	357
140	358
140	359
140	360
141	361
141	362
141	363
142	364
142	365
142	366
143	367
143	368
143	369
144	370
144	371
144	372
145	373
145	374
145	375
146	376
146	377
146	378
147	379
147	380
147	381
148	382
148	383
148	384
149	385
149	386
149	387
150	388
150	389
150	390
151	391
151	392
151	393
152	394
152	395
152	396
153	397
153	398
153	399
154	400
154	401
154	402
155	403
155	404
155	405
156	406
156	407
156	408
157	409
157	410
157	411
158	412
158	413
158	414
159	415
159	416
159	417
160	418
160	419
160	420
161	421
161	422
161	423
162	424
162	425
162	426
163	427
163	428
163	429
164	430
164	431
164	432
165	433
165	434
165	435
166	436
166	437
166	438
167	439
167	440
167	441
168	442
168	443
168	444
169	445
169	446
169	447
170	448
170	449
170	450
171	451
171	452
171	453
172	454
172	455
172	456
173	457
173	458
173	459
174	460
174	461
174	462
175	463
175	464
175	465
176	466
176	467
176	468
177	469
177	470
178	471
178	472
179	473
179	474
180	475
180	476
181	477
181	478
182	479
182	480
183	481
183	482
184	483
184	484
185	485
185	486
186	487
186	488
187	489
187	490
188	491
188	492
189	493
189	494
190	495
190	496
191	497
191	498
192	499
192	500
193	501
193	502
194	503
194	504
195	505
195	506
196	507
196	508
197	509
197	510
198	511
198	512
199	513
199	514
199	515
200	516
200	517
200	518
201	519
201	520
201	521
202	522
202	523
202	524
203	525
203	526
203	527
204	528
204	529
204	530
205	531
205	532
205	533
206	534
206	535
206	536
207	537
207	538
207	539
208	540
208	541
208	542
209	543
209	544
209	545
210	546
210	547
210	548
211	549
211	550
211	551
212	552
212	553
212	554
213	555
213	556
213	557
214	558
214	559
214	560
215	561
216	562
217	563
218	564
219	565
220	566
221	567
222	568
223	569
224	570
225	571
225	572
226	573
226	574
227	575
227	576
228	577
228	578
229	579
229	580
230	581
230	582
230	583
231	584
231	585
231	586
232	587
232	588
232	589
233	590
233	591
233	592
234	593
234	594
234	595
234	596
235	597
235	598
235	599
235	600
236	601
236	602
236	603
236	604
237	605
237	606
237	607
237	608
238	609
238	610
238	611
238	612
239	613
239	614
239	615
239	616
240	617
240	618
240	619
240	620
241	621
241	622
241	623
241	624
242	625
242	626
242	627
242	628
243	629
243	630
243	631
243	632
244	633
244	634
244	635
244	636
245	637
245	638
245	639
245	640
246	641
246	642
246	643
246	644
247	645
247	646
247	647
247	648
248	649
248	650
248	651
248	652
249	653
249	654
249	655
249	656
250	657
250	658
250	659
250	660
251	661
251	662
251	663
251	664
252	665
252	666
252	667
252	668
253	669
253	670
253	671
253	672
254	673
254	674
254	675
254	676
255	677
255	678
255	679
256	680
256	681
257	682
257	683
258	684
258	685
259	686
259	687
260	688
260	689
261	690
261	691
262	692
262	693
263	694
263	695
264	696
264	697
265	698
265	699
266	700
266	701
267	702
267	703
268	704
268	705
269	706
269	707
270	708
270	709
271	710
271	711
272	712
272	713
273	714
273	715
274	716
274	717
275	718
275	719
276	720
276	721
277	722
277	723
278	724
278	725
279	726
279	727
280	728
280	729
281	730
281	731
282	732
282	733
283	734
283	735
284	736
284	737
285	738
285	739
286	740
286	741
287	742
288	743
289	744
289	745
290	746
290	747
291	748
291	749
292	750
292	751
293	752
293	753
294	754
294	755
294	756
294	757
295	758
295	759
295	760
295	761
296	762
296	763
296	764
296	765
297	766
298	767
299	768
300	769
301	770
302	771
303	772
304	773
305	774
306	775
307	776
308	777
309	778
310	779
311	780
312	781
313	782
314	783
315	784
316	785
317	786
318	787
319	788
320	789
321	790
322	791
323	792
324	793
325	794
326	795
327	796
328	797
329	798
330	799
331	800
332	801
333	802
334	803
335	804
336	805
337	806
338	807
339	808
340	809
341	810
342	811
343	812
344	813
345	814
346	815
347	816
348	817
349	818
350	819
351	820
352	821
353	822
354	823
355	824
356	825
356	826
357	827
357	828
358	829
358	830
359	831
359	832
360	833
360	834
361	835
361	836
362	837
362	838
363	839
363	840
364	841
365	842
365	843
365	844
365	845
366	846
367	847
368	848
369	849
370	850
371	851
371	852
372	853
372	854
373	855
373	856
374	857
374	858
375	859
375	860
376	861
376	862
377	863
377	864
377	865
377	866
378	867
378	868
378	869
378	870
379	871
379	872
379	873
379	874
380	875
380	876
380	877
380	878
381	879
381	880
381	881
381	882
382	883
382	884
382	885
382	886
382	887
382	888
383	889
383	890
383	891
383	892
383	893
383	894
384	895
384	896
384	897
384	898
384	899
384	900
385	901
385	902
385	903
385	904
385	905
385	906
386	907
386	908
386	909
386	910
386	911
386	912
387	913
387	914
387	915
387	916
387	917
387	918
388	919
388	920
388	921
388	922
389	923
389	924
389	925
389	926
389	927
389	928
390	929
390	930
390	931
390	932
390	933
390	934
391	935
391	936
391	937
391	938
391	939
391	940
392	941
392	942
392	943
392	944
392	945
392	946
393	947
393	948
393	949
393	950
393	951
393	952
394	953
394	954
394	955
394	956
394	957
394	958
395	959
395	960
395	961
395	962
395	963
395	964
396	965
396	966
396	967
396	968
396	969
396	970
397	971
397	972
397	973
397	974
397	975
397	976
398	977
398	978
398	979
398	980
398	981
398	982
399	983
399	984
399	985
399	986
399	987
399	988
400	989
400	990
400	991
400	992
400	993
400	994
401	995
401	996
401	997
401	998
401	999
401	1000
402	1001
402	1002
402	1003
402	1004
402	1005
402	1006
403	1007
403	1008
403	1009
403	1010
403	1011
403	1012
404	1013
404	1014
404	1015
404	1016
404	1017
404	1018
405	1019
405	1020
405	1021
405	1022
405	1023
405	1024
406	1025
406	1026
406	1027
406	1028
406	1029
406	1030
407	1031
407	1032
407	1033
407	1034
407	1035
407	1036
408	1037
408	1038
408	1039
408	1040
408	1041
408	1042
409	1043
409	1044
409	1045
409	1046
409	1047
409	1048
410	1049
410	1050
410	1051
410	1052
410	1053
410	1054
411	1055
411	1056
411	1057
411	1058
411	1059
411	1060
412	1061
412	1062
412	1063
412	1064
412	1065
412	1066
413	1067
413	1068
413	1069
413	1070
413	1071
413	1072
414	1073
414	1074
414	1075
414	1076
414	1077
414	1078
415	1079
415	1080
415	1081
415	1082
415	1083
415	1084
416	1085
416	1086
416	1087
416	1088
416	1089
416	1090
417	1091
417	1092
417	1093
417	1094
417	1095
417	1096
418	1097
418	1098
418	1099
418	1100
418	1101
418	1102
419	1103
419	1104
419	1105
419	1106
419	1107
419	1108
420	1109
420	1110
420	1111
420	1112
420	1113
420	1114
421	1115
421	1116
421	1117
421	1118
421	1119
421	1120
422	1121
422	1122
422	1123
422	1124
422	1125
422	1126
423	1127
423	1128
423	1129
423	1130
423	1131
423	1132
424	1133
424	1134
424	1135
424	1136
424	1137
424	1138
425	1139
425	1140
425	1141
425	1142
425	1143
425	1144
426	1145
426	1146
426	1147
426	1148
426	1149
426	1150
427	1151
427	1152
427	1153
427	1154
427	1155
427	1156
428	1157
428	1158
428	1159
428	1160
428	1161
428	1162
429	1163
429	1164
429	1165
429	1166
429	1167
429	1168
430	1169
430	1170
430	1171
430	1172
430	1173
430	1174
431	1175
431	1176
431	1177
431	1178
431	1179
431	1180
432	1181
432	1182
432	1183
433	1184
433	1185
433	1186
434	1187
434	1188
434	1189
435	1190
435	1191
435	1192
436	1193
436	1194
436	1195
437	1196
437	1197
437	1198
438	1199
438	1200
438	1201
439	1202
439	1203
439	1204
440	1205
440	1206
440	1207
441	1208
441	1209
441	1210
442	1211
442	1212
442	1213
443	1214
443	1215
443	1216
444	1217
444	1218
444	1219
445	1220
445	1221
445	1222
446	1223
446	1224
446	1225
447	1226
447	1227
447	1228
448	1229
448	1230
448	1231
449	1232
449	1233
449	1234
450	1235
450	1236
450	1237
451	1238
451	1239
451	1240
452	1241
452	1242
452	1243
453	1244
453	1245
453	1246
454	1247
455	1248
456	1249
457	1250
458	1251
459	1252
460	1253
461	1254
462	1255
463	1256
464	1257
465	1258
466	1259
467	1260
468	1261
469	1262
470	1263
471	1264
472	1265
473	1266
473	1267
473	1268
473	1269
473	1270
473	1271
474	1272
474	1273
474	1274
474	1275
474	1276
474	1277
475	1278
475	1279
475	1280
475	1281
475	1282
475	1283
476	1284
476	1285
476	1286
476	1287
476	1288
476	1289
477	1290
477	1291
477	1292
477	1293
477	1294
477	1295
478	1296
478	1297
478	1298
478	1299
478	1300
478	1301
479	1302
479	1303
479	1304
479	1305
479	1306
479	1307
480	1308
480	1309
480	1310
480	1311
480	1312
480	1313
481	1314
481	1315
481	1316
481	1317
481	1318
481	1319
482	1320
482	1321
482	1322
482	1323
482	1324
482	1325
483	1326
483	1327
483	1328
483	1329
483	1330
483	1331
484	1332
484	1333
484	1334
484	1335
484	1336
484	1337
485	1338
485	1339
485	1340
485	1341
485	1342
485	1343
486	1344
486	1345
486	1346
486	1347
486	1348
486	1349
487	1350
487	1351
487	1352
487	1353
487	1354
487	1355
488	1356
488	1357
488	1358
488	1359
488	1360
488	1361
489	1362
489	1363
489	1364
489	1365
489	1366
489	1367
490	1368
490	1369
490	1370
490	1371
490	1372
490	1373
491	1374
491	1375
491	1376
491	1377
491	1378
491	1379
492	1380
492	1381
492	1382
492	1383
492	1384
492	1385
493	1386
493	1387
493	1388
493	1389
493	1390
493	1391
494	1392
494	1393
494	1394
494	1395
494	1396
494	1397
495	1398
496	1399
497	1400
498	1401
499	1402
499	1403
499	1404
499	1405
500	1406
501	1407
502	1408
503	1409
504	1410
505	1411
506	1412
507	1413
508	1414
509	1415
510	1416
511	1417
512	1418
513	1419
514	1420
515	1421
516	1422
517	1423
517	1424
518	1425
518	1426
518	1427
518	1428
518	1429
518	1430
519	1431
519	1432
519	1433
519	1434
519	1435
519	1436
520	1437
520	1438
520	1439
520	1440
520	1441
520	1442
521	1443
521	1444
521	1445
521	1446
521	1447
521	1448
522	1449
522	1450
522	1451
522	1452
522	1453
522	1454
523	1455
523	1456
524	1457
524	1458
524	1459
524	1460
524	1461
524	1462
525	1463
526	1464
527	1465
528	1466
529	1467
529	1468
530	1469
530	1470
531	1471
531	1472
531	1473
532	1474
532	1475
532	1476
533	1477
533	1478
533	1479
534	1480
534	1481
534	1482
535	1483
535	1484
535	1485
536	1486
536	1487
536	1488
537	1489
537	1490
537	1491
538	1492
538	1493
538	1494
539	1495
539	1496
539	1497
540	1498
540	1499
540	1500
541	1501
541	1502
541	1503
541	1504
542	1505
542	1506
542	1507
542	1508
543	1509
543	1510
543	1511
544	1512
544	1513
544	1514
545	1515
545	1516
545	1517
546	1518
546	1519
546	1520
547	1521
547	1522
547	1523
548	1524
548	1525
548	1526
548	1527
549	1528
549	1529
549	1530
549	1531
550	1532
550	1533
550	1534
550	1535
551	1536
551	1537
551	1538
551	1539
552	1540
552	1541
552	1542
552	1543
553	1544
553	1545
553	1546
553	1547
554	1548
554	1549
554	1550
554	1551
555	1552
555	1553
555	1554
555	1555
556	1556
556	1557
556	1558
556	1559
557	1560
557	1561
557	1562
557	1563
558	1564
558	1565
558	1566
558	1567
559	1568
559	1569
559	1570
559	1571
560	1572
560	1573
560	1574
560	1575
561	1576
561	1577
561	1578
561	1579
562	1580
562	1581
562	1582
562	1583
563	1584
563	1585
563	1586
563	1587
564	1588
564	1589
564	1590
564	1591
565	1592
565	1593
565	1594
565	1595
566	1596
566	1597
566	1598
566	1599
567	1600
567	1601
567	1602
568	1603
568	1604
568	1605
569	1606
569	1607
569	1608
570	1609
570	1610
570	1611
571	1612
571	1613
571	1614
572	1615
572	1616
572	1617
573	1618
573	1619
573	1620
574	1621
574	1622
574	1623
575	1624
575	1625
575	1626
576	1627
576	1628
576	1629
577	1630
577	1631
577	1632
578	1633
578	1634
578	1635
579	1636
579	1637
579	1638
580	1639
580	1640
580	1641
581	1642
581	1643
581	1644
582	1645
582	1646
582	1647
583	1648
583	1649
583	1650
583	1651
584	1652
584	1653
584	1654
584	1655
585	1656
585	1657
585	1658
585	1659
586	1660
586	1661
587	1662
587	1663
588	1664
588	1665
589	1666
589	1667
590	1668
590	1669
591	1670
591	1671
592	1672
592	1673
592	1674
592	1675
593	1676
593	1677
593	1678
593	1679
594	1680
594	1681
594	1682
595	1683
595	1684
595	1685
595	1686
596	1687
596	1688
596	1689
596	1690
597	1691
597	1692
598	1693
598	1694
599	1695
599	1696
599	1697
600	1698
600	1699
600	1700
600	1701
601	1702
601	1703
601	1704
601	1705
602	1706
602	1707
602	1708
602	1709
603	1710
603	1711
603	1712
603	1713
604	1714
604	1715
604	1716
604	1717
605	1718
605	1719
605	1720
605	1721
606	1722
606	1723
606	1724
606	1725
607	1726
607	1727
607	1728
607	1729
608	1730
608	1731
608	1732
608	1733
609	1734
609	1735
609	1736
609	1737
610	1738
610	1739
610	1740
610	1741
611	1742
611	1743
611	1744
611	1745
612	1746
612	1747
612	1748
612	1749
613	1750
613	1751
613	1752
613	1753
614	1754
614	1755
614	1756
614	1757
615	1758
615	1759
615	1760
615	1761
616	1762
616	1763
616	1764
616	1765
616	1766
617	1767
617	1768
617	1769
617	1770
618	1771
618	1772
618	1773
618	1774
619	1775
619	1776
619	1777
619	1778
620	1779
620	1780
620	1781
620	1782
621	1783
621	1784
621	1785
621	1786
622	1787
622	1788
622	1789
622	1790
623	1791
623	1792
623	1793
623	1794
624	1795
624	1796
624	1797
624	1798
625	1799
625	1800
625	1801
625	1802
626	1803
626	1804
626	1805
626	1806
627	1807
627	1808
627	1809
627	1810
628	1811
628	1812
628	1813
628	1814
629	1815
629	1816
629	1817
629	1818
630	1819
630	1820
630	1821
630	1822
631	1823
631	1824
631	1825
631	1826
632	1827
632	1828
632	1829
632	1830
633	1831
633	1832
633	1833
633	1834
634	1835
634	1836
634	1837
634	1838
635	1839
635	1840
635	1841
635	1842
636	1843
636	1844
636	1845
636	1846
637	1847
637	1848
638	1849
638	1850
639	1851
639	1852
640	1853
640	1854
641	1855
641	1856
642	1857
642	1858
643	1859
643	1860
644	1861
644	1862
645	1863
645	1864
646	1865
646	1866
647	1867
647	1868
648	1869
648	1870
649	1871
649	1872
650	1873
650	1874
651	1875
651	1876
652	1877
652	1878
653	1879
653	1880
654	1881
654	1882
655	1883
655	1884
656	1885
656	1886
657	1887
657	1888
658	1889
658	1890
659	1891
659	1892
660	1893
660	1894
661	1895
662	1896
662	1897
663	1898
663	1899
664	1900
664	1901
665	1902
665	1903
666	1904
666	1905
667	1906
667	1907
668	1908
668	1909
669	1910
669	1911
670	1912
670	1913
671	1914
671	1915
672	1916
672	1917
673	1918
673	1919
674	1920
674	1921
675	1922
675	1923
676	1924
676	1925
677	1926
677	1927
678	1928
678	1929
679	1930
679	1931
680	1932
680	1933
681	1934
681	1935
682	1936
682	1937
683	1938
683	1939
684	1940
684	1941
685	1942
685	1943
686	1944
686	1945
687	1946
687	1947
688	1948
688	1949
689	1950
689	1951
690	1952
690	1953
691	1954
691	1955
692	1956
692	1957
693	1958
693	1959
694	1960
694	1961
695	1962
695	1963
696	1964
696	1965
697	1966
697	1967
698	1968
698	1969
699	1970
699	1971
700	1972
700	1973
701	1974
701	1975
702	1976
703	1977
704	1978
705	1979
705	1980
705	1981
706	1982
706	1983
706	1984
707	1985
707	1986
707	1987
708	1988
708	1989
708	1990
709	1991
709	1992
709	1993
710	1994
710	1995
710	1996
711	1997
711	1998
711	1999
712	2000
712	2001
712	2002
713	2003
713	2004
713	2005
714	2006
714	2007
714	2008
715	2009
715	2010
715	2011
716	2012
716	2013
716	2014
717	2015
717	2016
717	2017
718	2018
718	2019
718	2020
719	2021
719	2022
719	2023
720	2024
720	2025
720	2026
721	2027
721	2028
721	2029
722	2030
722	2031
722	2032
723	2033
723	2034
723	2035
724	2036
724	2037
724	2038
725	2039
725	2040
725	2041
726	2042
726	2043
726	2044
727	2045
727	2046
727	2047
728	2048
728	2049
728	2050
729	2051
729	2052
729	2053
730	2054
730	2055
730	2056
731	2057
731	2058
731	2059
732	2060
732	2061
733	2062
733	2063
734	2064
734	2065
735	2066
735	2067
736	2068
736	2069
737	2070
737	2071
738	2072
738	2073
739	2074
739	2075
740	2076
740	2077
741	2078
741	2079
742	2080
742	2081
743	2082
743	2083
744	2084
744	2085
745	2086
745	2087
746	2088
746	2089
747	2090
747	2091
748	2092
748	2093
749	2094
749	2095
750	2096
750	2097
751	2098
751	2099
752	2100
752	2101
753	2102
754	2103
755	2104
756	2105
757	2106
758	2107
759	2108
760	2109
761	2110
762	2111
763	2112
764	2113
765	2114
766	2115
767	2116
768	2117
769	2118
770	2119
771	2120
772	2121
773	2122
774	2123
775	2124
776	2125
777	2126
778	2127
779	2128
780	2129
781	2130
782	2131
783	2132
784	2133
785	2134
785	2135
786	2136
787	2137
788	2138
789	2139
790	2140
791	2141
792	2142
793	2143
794	2144
795	2145
796	2146
797	2147
798	2148
799	2149
800	2150
801	2151
802	2152
803	2153
803	2154
804	2155
804	2156
805	2157
805	2158
806	2159
806	2160
807	2161
807	2162
808	2163
808	2164
809	2165
809	2166
810	2167
810	2168
811	2169
811	2170
812	2171
812	2172
813	2173
813	2174
814	2175
814	2176
815	2177
815	2178
816	2179
816	2180
817	2181
817	2182
818	2183
818	2184
819	2185
819	2186
820	2187
820	2188
821	2189
821	2190
822	2191
822	2192
823	2193
823	2194
824	2195
824	2196
825	2197
825	2198
826	2199
826	2200
827	2201
827	2202
828	2203
828	2204
829	2205
829	2206
830	2207
830	2208
831	2209
831	2210
832	2211
832	2212
833	2213
833	2214
834	2215
834	2216
835	2217
835	2218
836	2219
836	2220
837	2221
837	2222
838	2223
838	2224
839	2225
839	2226
840	2227
840	2228
841	2229
841	2230
842	2231
842	2232
843	2233
843	2234
844	2235
844	2236
845	2237
845	2238
846	2239
846	2240
847	2241
847	2242
848	2243
848	2244
848	2245
849	2246
849	2247
849	2248
849	2249
849	2250
849	2251
850	2252
850	2253
850	2254
850	2255
850	2256
850	2257
851	2258
851	2259
851	2260
851	2261
851	2262
851	2263
852	2264
852	2265
852	2266
852	2267
852	2268
852	2269
853	2270
853	2271
853	2272
853	2273
853	2274
853	2275
854	2276
854	2277
854	2278
854	2279
854	2280
854	2281
855	2282
855	2283
855	2284
855	2285
855	2286
855	2287
856	2288
856	2289
856	2290
856	2291
856	2292
856	2293
857	2294
857	2295
857	2296
857	2297
857	2298
857	2299
858	2300
858	2301
858	2302
858	2303
858	2304
858	2305
859	2306
859	2307
859	2308
859	2309
860	2310
860	2311
860	2312
860	2313
861	2314
861	2315
861	2316
862	2317
862	2318
862	2319
862	2320
863	2321
863	2322
863	2323
863	2324
863	2325
864	2326
864	2327
864	2328
864	2329
865	2330
865	2331
865	2332
865	2333
866	2334
866	2335
866	2336
866	2337
867	2338
867	2339
867	2340
867	2341
868	2342
868	2343
868	2344
868	2345
869	2346
869	2347
869	2348
869	2349
870	2350
870	2351
870	2352
870	2353
871	2354
871	2355
871	2356
871	2357
872	2358
872	2359
873	2360
873	2361
873	2362
874	2363
874	2364
874	2365
875	2366
875	2367
875	2368
876	2369
876	2370
876	2371
877	2372
877	2373
877	2374
878	2375
878	2376
878	2377
879	2378
879	2379
879	2380
880	2381
880	2382
880	2383
881	2384
881	2385
881	2386
882	2387
882	2388
882	2389
883	2390
883	2391
883	2392
883	2393
884	2394
884	2395
884	2396
884	2397
885	2398
885	2399
885	2400
885	2401
886	2402
886	2403
886	2404
886	2405
887	2406
887	2407
887	2408
887	2409
888	2410
888	2411
888	2412
888	2413
889	2414
889	2415
889	2416
889	2417
890	2418
890	2419
890	2420
890	2421
891	2422
891	2423
891	2424
891	2425
892	2426
892	2427
892	2428
892	2429
893	2430
893	2431
893	2432
893	2433
894	2434
894	2435
894	2436
894	2437
895	2438
895	2439
895	2440
895	2441
896	2442
896	2443
896	2444
896	2445
897	2446
897	2447
897	2448
897	2449
898	2450
898	2451
898	2452
898	2453
899	2454
899	2455
899	2456
899	2457
900	2458
900	2459
900	2460
900	2461
901	2462
901	2463
901	2464
901	2465
902	2466
902	2467
902	2468
902	2469
903	2470
903	2471
903	2472
903	2473
904	2474
904	2475
904	2476
904	2477
905	2478
905	2479
905	2480
905	2481
906	2482
906	2483
906	2484
906	2485
907	2486
907	2487
907	2488
907	2489
908	2490
908	2491
908	2492
908	2493
909	2494
909	2495
909	2496
909	2497
910	2498
910	2499
910	2500
910	2501
911	2502
911	2503
911	2504
911	2505
912	2506
912	2507
912	2508
912	2509
913	2510
913	2511
913	2512
913	2513
914	2514
914	2515
914	2516
914	2517
915	2518
915	2519
915	2520
915	2521
916	2522
916	2523
916	2524
916	2525
917	2526
917	2527
917	2528
917	2529
918	2530
918	2531
918	2532
918	2533
919	2534
919	2535
919	2536
919	2537
920	2538
920	2539
920	2540
920	2541
921	2542
921	2543
921	2544
921	2545
922	2546
922	2547
922	2548
922	2549
923	2550
923	2551
923	2552
923	2553
924	2554
924	2555
924	2556
924	2557
925	2558
925	2559
925	2560
925	2561
926	2562
926	2563
926	2564
926	2565
927	2566
927	2567
927	2568
927	2569
928	2570
928	2571
928	2572
928	2573
929	2574
929	2575
929	2576
929	2577
930	2578
930	2579
931	2580
931	2581
932	2582
932	2583
933	2584
933	2585
934	2586
934	2587
935	2588
935	2589
936	2590
936	2591
937	2592
938	2593
939	2594
940	2595
941	2596
942	2597
943	2598
944	2599
945	2600
946	2601
947	2602
948	2603
949	2604
950	2605
951	2606
952	2607
953	2608
954	2609
955	2610
956	2611
957	2612
957	2613
958	2614
958	2615
959	2616
959	2617
960	2618
960	2619
961	2620
961	2621
962	2622
962	2623
963	2624
963	2625
964	2626
964	2627
965	2628
965	2629
966	2630
966	2631
967	2632
967	2633
968	2634
968	2635
969	2636
969	2637
970	2638
970	2639
971	2640
971	2641
972	2642
972	2643
973	2644
973	2645
974	2646
974	2647
975	2648
975	2649
976	2650
976	2651
977	2652
977	2653
978	2654
978	2655
979	2656
979	2657
980	2658
980	2659
981	2660
981	2661
982	2662
982	2663
983	2664
983	2665
984	2666
984	2667
985	2668
985	2669
986	2670
986	2671
987	2672
987	2673
988	2674
988	2675
989	2676
989	2677
990	2678
990	2679
991	2680
991	2681
992	2682
992	2683
993	2684
993	2685
994	2686
994	2687
995	2688
995	2689
996	2690
996	2691
997	2692
997	2693
998	2694
998	2695
999	2696
999	2697
1000	2698
1000	2699
1001	2700
1001	2701
1002	2702
1002	2703
1003	2704
1003	2705
1004	2706
1004	2707
1005	2708
1005	2709
1006	2710
1006	2711
1006	2712
1006	2713
1007	2714
1007	2715
1007	2716
1007	2717
1008	2718
1008	2719
1008	2720
1008	2721
1009	2722
1009	2723
1009	2724
1009	2725
1010	2726
1010	2727
1010	2728
1010	2729
1011	2730
1011	2731
1011	2732
1011	2733
1012	2734
1012	2735
1012	2736
1012	2737
1013	2738
1013	2739
1013	2740
1013	2741
1014	2742
1014	2743
1014	2744
1014	2745
1015	2746
1015	2747
1015	2748
1015	2749
1016	2750
1016	2751
1016	2752
1016	2753
1017	2754
1017	2755
1017	2756
1018	2757
1018	2758
1018	2759
1019	2760
1019	2761
1019	2762
1020	2763
1020	2764
1020	2765
1021	2766
1021	2767
1021	2768
1022	2769
1022	2770
1022	2771
1023	2772
1023	2773
1024	2774
1024	2775
1025	2776
1025	2777
1026	2778
1026	2779
1027	2780
1027	2781
1028	2782
1028	2783
1029	2784
1029	2785
1030	2786
1030	2787
1031	2788
1031	2789
1032	2790
1032	2791
1033	2792
1033	2793
1034	2794
1034	2795
1035	2796
1035	2797
1036	2798
1036	2799
1036	2800
1037	2801
1037	2802
1037	2803
1038	2804
1038	2805
1038	2806
1039	2807
1039	2808
1039	2809
1040	2810
1040	2811
1040	2812
1041	2813
1041	2814
1041	2815
1042	2816
1042	2817
1042	2818
1043	2819
1043	2820
1043	2821
1044	2822
1044	2823
1044	2824
1045	2825
1045	2826
1045	2827
1046	2828
1046	2829
1046	2830
1047	2831
1047	2832
1048	2833
1048	2834
1049	2835
1049	2836
1050	2837
1050	2838
1051	2839
1051	2840
1052	2841
1052	2842
1052	2843
1052	2844
1053	2845
1053	2846
1053	2847
1053	2848
1054	2849
1054	2850
1054	2851
1054	2852
1055	2853
1055	2854
1055	2855
1055	2856
1056	2857
1056	2858
1056	2859
1056	2860
1057	2861
1057	2862
1057	2863
1057	2864
1058	2865
1058	2866
1058	2867
1058	2868
1059	2869
1059	2870
1059	2871
1059	2872
1060	2873
1060	2874
1060	2875
1060	2876
1061	2877
1061	2878
1061	2879
1061	2880
1062	2881
1062	2882
1062	2883
1062	2884
1063	2885
1063	2886
1063	2887
1063	2888
1064	2889
1064	2890
1064	2891
1064	2892
1065	2893
1065	2894
1065	2895
1065	2896
1066	2897
1066	2898
1066	2899
1066	2900
1067	2901
1067	2902
1067	2903
1067	2904
1068	2905
1068	2906
1068	2907
1068	2908
1069	2909
1069	2910
1069	2911
1069	2912
1070	2913
1070	2914
1070	2915
1070	2916
1071	2917
1071	2918
1071	2919
1071	2920
1072	2921
1072	2922
1072	2923
1072	2924
1073	2925
1073	2926
1073	2927
1073	2928
1074	2929
1074	2930
1074	2931
1074	2932
1075	2933
1075	2934
1075	2935
1075	2936
1076	2937
1076	2938
1076	2939
1076	2940
1077	2941
1077	2942
1077	2943
1077	2944
1078	2945
1078	2946
1078	2947
1078	2948
1079	2949
1079	2950
1079	2951
1079	2952
1080	2953
1080	2954
1080	2955
1080	2956
1081	2957
1081	2958
1081	2959
1081	2960
1082	2961
1082	2962
1082	2963
1082	2964
1083	2965
1083	2966
1083	2967
1083	2968
1084	2969
1084	2970
1084	2971
1084	2972
1085	2973
1085	2974
1085	2975
1085	2976
1086	2977
1086	2978
1086	2979
1086	2980
1087	2981
1087	2982
1087	2983
1087	2984
1088	2985
1088	2986
1088	2987
1088	2988
1089	2989
1089	2990
1089	2991
1089	2992
1090	2993
1090	2994
1090	2995
1090	2996
1091	2997
1091	2998
1091	2999
1091	3000
1092	3001
1092	3002
1092	3003
1092	3004
1093	3005
1093	3006
1093	3007
1093	3008
1094	3009
1094	3010
1094	3011
1094	3012
1095	3013
1095	3014
1095	3015
1095	3016
1096	3017
1096	3018
1096	3019
1096	3020
1097	3021
1097	3022
1097	3023
1097	3024
1098	3025
1098	3026
1098	3027
1098	3028
1099	3029
1099	3030
1100	3031
1100	3032
1101	3033
1101	3034
1102	3035
1102	3036
1103	3037
1103	3038
1104	3039
1104	3040
1105	3041
1105	3042
1106	3043
1107	3044
1108	3045
1109	3046
1110	3047
1111	3048
1112	3049
1113	3050
1114	3051
1115	3052
1116	3053
1117	3054
1118	3055
1119	3056
1120	3057
1121	3058
1122	3059
1123	3060
1124	3061
1125	3062
1126	3063
1127	3064
1128	3065
1128	3066
1129	3067
1129	3068
1130	3069
1130	3070
1131	3071
1131	3072
1132	3073
1132	3074
1133	3075
1133	3076
1134	3077
1134	3078
1135	3079
1135	3080
1136	3081
1136	3082
1137	3083
1137	3084
1138	3085
1138	3086
1139	3087
1139	3088
1140	3089
1140	3090
1141	3091
1141	3092
1142	3093
1142	3094
1143	3095
1143	3096
1144	3097
1144	3098
1145	3099
1145	3100
1146	3101
1146	3102
1147	3103
1147	3104
1148	3105
1148	3106
1149	3107
1149	3108
1150	3109
1150	3110
1151	3111
1151	3112
1152	3113
1152	3114
1153	3115
1153	3116
1153	3117
1153	3118
1153	3119
1153	3120
1154	3121
1154	3122
1154	3123
1154	3124
1154	3125
1154	3126
1155	3127
1155	3128
1155	3129
1155	3130
1155	3131
1155	3132
1156	3133
1156	3134
1156	3135
1156	3136
1156	3137
1156	3138
1157	3139
1157	3140
1157	3141
1157	3142
1157	3143
1157	3144
1158	3145
1158	3146
1158	3147
1158	3148
1158	3149
1158	3150
1159	3151
1159	3152
1159	3153
1159	3154
1159	3155
1159	3156
1160	3157
1160	3158
1160	3159
1160	3160
1160	3161
1160	3162
1161	3163
1161	3164
1161	3165
1161	3166
1161	3167
1161	3168
1162	3169
1162	3170
1162	3171
1162	3172
1162	3173
1162	3174
1163	3175
1163	3176
1163	3177
1163	3178
1163	3179
1163	3180
1164	3181
1164	3182
1164	3183
1164	3184
1164	3185
1164	3186
1165	3187
1165	3188
1165	3189
1165	3190
1165	3191
1165	3192
1166	3193
1166	3194
1166	3195
1166	3196
1166	3197
1166	3198
1167	3199
1167	3200
1167	3201
1167	3202
1167	3203
1167	3204
1168	3205
1168	3206
1168	3207
1168	3208
1168	3209
1168	3210
1169	3211
1169	3212
1169	3213
1169	3214
1169	3215
1169	3216
1170	3217
1170	3218
1170	3219
1170	3220
1170	3221
1170	3222
1171	3223
1171	3224
1171	3225
1171	3226
1171	3227
1171	3228
1172	3229
1172	3230
1173	3231
1173	3232
1174	3233
1174	3234
1175	3235
1175	3236
1176	3237
1176	3238
1177	3239
1177	3240
1178	3241
1178	3242
1179	3243
1179	3244
1180	3245
1180	3246
1181	3247
1181	3248
1182	3249
1182	3250
1183	3251
1183	3252
1184	3253
1184	3254
1185	3255
1185	3256
1185	3257
1185	3258
1186	3259
1186	3260
1186	3261
1186	3262
1187	3263
1187	3264
1187	3265
1187	3266
1188	3267
1188	3268
1188	3269
1188	3270
1189	3271
1189	3272
1189	3273
1189	3274
1190	3275
1190	3276
1190	3277
1190	3278
1191	3279
1191	3280
1191	3281
1191	3282
1192	3283
1192	3284
1192	3285
1192	3286
1193	3287
1193	3288
1193	3289
1193	3290
1194	3291
1194	3292
1194	3293
1194	3294
1195	3295
1195	3296
1195	3297
1195	3298
1196	3299
1196	3300
1196	3301
1196	3302
1197	3303
1197	3304
1197	3305
1197	3306
1198	3307
1198	3308
1198	3309
1198	3310
1199	3311
1199	3312
1199	3313
1199	3314
1200	3315
1200	3316
1201	3317
1201	3318
1202	3319
1202	3320
1203	3321
1203	3322
1204	3323
1204	3324
1204	3325
1205	3326
1205	3327
1206	3328
1206	3329
1207	3330
1207	3331
1208	3332
1208	3333
1209	3334
1209	3335
1210	3336
1210	3337
1211	3338
1211	3339
1212	3340
1212	3341
1213	3342
1213	3343
1214	3344
1214	3345
1215	3346
1215	3347
1216	3348
1216	3349
1217	3350
1217	3351
1218	3352
1218	3353
1219	3354
1219	3355
1220	3356
1220	3357
1221	3358
1221	3359
1222	3360
1222	3361
1223	3362
1223	3363
1224	3364
1224	3365
1225	3366
1225	3367
1226	3368
1226	3369
1227	3370
1227	3371
1228	3372
1228	3373
1229	3374
1229	3375
1230	3376
1230	3377
1231	3378
1231	3379
1232	3380
1232	3381
1233	3382
1233	3383
1234	3384
1234	3385
1235	3386
1235	3387
1236	3388
1236	3389
1237	3390
1237	3391
1238	3392
1238	3393
1239	3394
1239	3395
1240	3396
1240	3397
1241	3398
1241	3399
1242	3400
1242	3401
1243	3402
1243	3403
1244	3404
1244	3405
1245	3406
1245	3407
1246	3408
1246	3409
1247	3410
1247	3411
1248	3412
1248	3413
1249	3414
1250	3415
1251	3416
1252	3417
1253	3418
1254	3419
1255	3420
1256	3421
1257	3422
1258	3423
1259	3424
1260	3425
1261	3426
1262	3427
1263	3428
1264	3429
1265	3430
1266	3431
1267	3432
1268	3433
1269	3434
1270	3435
1271	3436
1272	3437
1273	3438
1273	3439
1274	3440
1274	3441
1274	3442
1274	3443
1275	3444
1275	3445
1275	3446
1275	3447
1276	3448
1276	3449
1276	3450
1276	3451
1277	3452
1277	3453
1277	3454
1277	3455
1278	3456
1278	3457
1278	3458
1278	3459
1279	3460
1279	3461
1279	3462
1279	3463
1280	3464
1280	3465
1280	3466
1280	3467
1281	3468
1281	3469
1281	3470
1281	3471
1282	3472
1282	3473
1282	3474
1282	3475
1283	3476
1283	3477
1283	3478
1283	3479
1284	3480
1284	3481
1284	3482
1285	3483
1285	3484
1285	3485
1285	3486
1286	3487
1286	3488
1286	3489
1286	3490
1287	3491
1287	3492
1287	3493
1287	3494
1288	3495
1288	3496
1288	3497
1288	3498
1289	3499
1289	3500
1289	3501
1289	3502
1290	3503
1290	3504
1290	3505
1290	3506
1291	3507
1291	3508
1291	3509
1291	3510
1292	3511
1292	3512
1292	3513
1293	3514
1293	3515
1293	3516
1293	3517
1294	3518
1294	3519
1294	3520
1294	3521
1294	3522
